0	-11.6779	655.18	30.2396	-14.8924	91.8918	-54.8338	-26.5703	747.072	-24.5941	0.876997
1	-14.3312	623.415	28.5874	-13.4453	79.4154	-45.5877	-27.7765	702.83	-17.0003	0.887006
2	-5.8421	519.94	47.8921	-10.5785	81.7127	-45.9412	-16.4206	601.652	1.95092	0.864186
3	-9.53487	587.976	23.8901	-9.04094	61.4552	-34.3533	-18.5758	649.431	-10.4632	0.905371
4	-19.8068	620.755	7.97859	-4.99528	10.6689	-5.95178	-24.8021	631.423	2.02681	0.983103
5	-26.7788	657.968	-12.4313	0	0	0	-26.7788	657.968	-12.4313	1
6	-26.3744	639.265	-23.8784	0	0	0	-26.3744	639.265	-23.8784	1
7	-25.3453	617.77	-23.4664	0	0	0	-25.3453	617.77	-23.4664	1
8	-24.1183	597.474	-13.0367	0	0	0	-24.1183	597.474	-13.0367	1
9	-23.0674	579.935	8.81677	0	0	0	-23.0674	579.935	8.81677	1
10	-28.896	603.206	41.4999	0	0	0	-28.896	603.206	41.4999	1
11	-29.8337	592.892	62.0628	0	0	0	-29.8337	592.892	62.0628	1
12	-30.6522	578.685	83.1083	0	0	0	-30.6522	578.685	83.1083	1
13	-32.147	564.871	106.425	0	0	0	-32.147	564.871	106.425	1
14	1.88618	693.703	32.5968	-33.7247	417.393	0.945973	-31.8385	1111.1	33.5428	0.375659
15	19.5517	132.477	-89.2177	3.69727	463.015	10.1369	23.2489	595.492	-79.0808	0.777533
16	20.3567	97.8122	-62.3542	7.91903	614.816	0.671635	28.2758	712.628	-61.6825	0.862744
17	20.3762	91.4818	-54.9488	7.22756	652.279	25.1886	27.6037	743.761	-29.7602	0.877001
18	21.4853	81.434	-46.9639	18.8403	733.569	-7.93243	40.3256	815.004	-54.8963	0.900081
19	16.2046	84.1132	-47.3819	-0.0732836	517.362	50.2903	16.1313	601.475	2.90846	0.860155
20	15.6383	69.0113	-38.5623	2.38724	550.387	31.5323	18.0255	619.398	-7.02997	0.888583
21	13.398	24.0625	-13.398	9.6506	606.031	11.8463	23.0486	630.094	-1.55161	0.961811
22	0	0	0	20.0852	658.638	-8.69713	20.0852	658.638	-8.69713	1
23	0	0	0	22.3037	643.061	-22.1236	22.3037	643.061	-22.1236	1
24	0	0	0	23.2172	620.551	-23.9485	23.2172	620.551	-23.9485	1
25	0	0	0	23.3281	598.972	-14.9137	23.3281	598.972	-14.9137	1
26	0	0	0	22.3808	576.524	3.56406	22.3808	576.524	3.56406	1
27	0	0	0	27.8112	595.963	36.3732	27.8112	595.963	36.3732	1
28	0	0	0	29.4016	592.999	58.2617	29.4016	592.999	58.2617	1
29	0	0	0	29.5835	578.677	79.1871	29.5835	578.677	79.1871	1
30	0	0	0	30.1636	564.7	102.201	30.1636	564.7	102.201	1
31	52.6613	566.595	-39.1834	-14.1288	881.723	103.769	38.5325	1448.32	64.586	0.391209
32	4.26908	409.783	19.9749	-23.7648	157.431	-93.7929	-19.4957	567.214	-73.818	0.722449
33	-6.93998	594.749	-2.6087	-15.9927	102.309	-66.1133	-22.9327	697.058	-68.722	0.853227
34	-7.49499	650.426	18.6043	-16.6887	91.1262	-55.3637	-24.1837	741.552	-36.7594	0.877114
35	-44.5345	962.775	-75.8559	-21.4666	84.1435	-48.9328	-66.0011	1046.92	-124.789	0.919627
36	-1.75937	518.411	51.9877	-13.2603	85.0732	-48.1516	-15.0197	603.484	3.83616	0.85903
37	-3.08825	540.644	35.12	-12.2242	75.6981	-42.4009	-15.3124	616.342	-7.28085	0.877182
38	-9.3277	590.761	15.4808	-10.0446	37.2968	-20.8627	-19.3723	628.058	-5.38193	0.940616
39	-20.0422	656.163	-5.21124	0	0	0	-20.0422	656.163	-5.21124	1
40	-21.8792	648.476	-21.1285	0	0	0	-21.8792	648.476	-21.1285	1
41	-21.7769	625.198	-25.6284	0	0	0	-21.7769	625.198	-25.6284	1
42	-21.189	603.427	-18.351	0	0	0	-21.189	603.427	-18.351	1
43	-19.2421	576.372	-3.70183	0	0	0	-19.2421	576.372	-3.70183	1
44	-22.8988	587.738	27.7471	0	0	0	-22.8988	587.738	27.7471	1
45	-26.2364	595.579	52.7195	0	0	0	-26.2364	595.579	52.7195	1
46	-26.641	581.566	73.707	0	0	0	-26.641	581.566	73.707	1
47	-27.4951	567.717	96.1529	0	0	0	-27.4951	567.717	96.1529	1
48	9.64235	977.922	361.149	21.2268	1154.15	-167.086	30.8691	2132.08	194.064	0.541329
49	7.66372	293.619	-47.8907	-6.1944	361.945	28.8128	1.46932	655.565	-19.078	0.552112
50	14.921	109.192	-71.6109	7.94921	565.567	-3.74966	22.8702	674.759	-75.3605	0.838177
51	16.1879	91.1883	-56.1653	9.77999	644.802	11.7445	25.9679	735.99	-44.4208	0.876101
52	17.9184	93.9922	-55.1674	17.9947	822.837	-11.3726	35.9131	916.829	-66.54	0.897481
53	13.4571	84.2969	-47.9409	4.71054	535.268	49.4859	18.1676	619.565	1.54505	0.863942
54	11.998	80.1506	-44.9511	3.91566	531.984	39.3117	15.9136	612.135	-5.63939	0.869064
55	10.2843	48.476	-27.115	9.31565	577.758	19.3231	19.5999	626.234	-7.79195	0.922591
56	0	0	0	20.5582	647.371	-0.861941	20.5582	647.371	-0.861941	1
57	0	0	0	23.947	654.443	-19.0229	23.947	654.443	-19.0229	1
58	0	0	0	23.6152	630.625	-26.2778	23.6152	630.625	-26.2778	1
59	0	0	0	23.0477	609.69	-21.349	23.0477	609.69	-21.349	1
60	0	0	0	20.942	581.69	-9.48224	20.942	581.69	-9.48224	1
61	0	0	0	23.0236	582.666	19.2775	23.0236	582.666	19.2775	1
62	0	0	0	27.6497	598.726	47.6457	27.6497	598.726	47.6457	1
63	0	0	0	28.1534	585.657	68.5989	28.1534	585.657	68.5989	1
64	0	0	0	28.9085	571.466	90.261	28.9085	571.466	90.261	1
65	0	0	0	30.0866	556.658	113.697	30.0866	556.658	113.697	1
66	6.11288	349.068	25.1668	-2.5663	471.227	-13.4451	3.54657	820.295	11.7217	0.42554
67	-6.65186	526.07	-0.71634	-15.9523	118.683	-78.9471	-22.6042	644.753	-79.6634	0.815925
68	-9.02022	633.708	5.57557	-17.7263	93.0629	-58.2288	-26.7465	726.77	-52.6532	0.87195
69	-7.33108	646.179	32.1765	-17.7189	94.2817	-55.8934	-25.05	740.461	-23.717	0.872672
70	-7.76048	589.498	35.6234	-16.1599	83.1687	-47.5871	-23.9204	672.667	-11.9637	0.87636
71	-1.9673	523.19	44.4513	-13.6134	83.6436	-46.9983	-15.5807	606.834	-2.54696	0.862164
72	-5.13602	586.608	21.2133	-12.4403	60.2573	-33.6958	-17.5763	646.865	-12.4825	0.906847
73	-15.5911	626.744	5.03533	-3.25874	5.84046	-3.25874	-18.8498	632.584	1.77659	0.990767
74	-22.6397	657.602	-14.7865	0	0	0	-22.6397	657.602	-14.7865	1
75	-23.268	636.535	-25.0909	0	0	0	-23.268	636.535	-25.0909	1
76	-23.1748	614.015	-23.5665	0	0	0	-23.1748	614.015	-23.5665	1
77	-22.5244	592.917	-12.7389	0	0	0	-22.5244	592.917	-12.7389	1
78	-22.3399	577.84	10.9888	0	0	0	-22.3399	577.84	10.9888	1
79	-27.9686	600.793	42.7278	0	0	0	-27.9686	600.793	42.7278	1
80	-28.5018	588.569	63.2177	0	0	0	-28.5018	588.569	63.2177	1
81	-29.0065	574.384	84.5507	0	0	0	-29.0065	574.384	84.5507	1
82	-30.0068	560.348	108.166	0	0	0	-30.0068	560.348	108.166	1
83	3.30343	677.27	30.5952	-23.9906	434.746	-3.70187	-20.6871	1112.02	26.8933	0.390953
84	16.217	130.14	-87.5626	5.36124	477.206	6.928	21.5783	607.346	-80.6346	0.785724
85	17.1609	96.7425	-61.5312	8.29607	617.445	0.325354	25.4569	714.188	-61.2058	0.864542
86	17.4286	92.253	-55.3316	7.66342	650.005	25.1315	25.0921	742.258	-30.2001	0.875713
87	18.0226	82.6131	-47.6361	16.7594	703.626	-0.234575	34.7821	786.239	-47.8707	0.894926
88	13.5256	85.4411	-48.1638	1.53337	516.798	49.0279	15.059	602.239	0.86411	0.858128
89	12.6481	69.2677	-38.7583	4.3129	550.664	30.0105	16.961	619.931	-8.74786	0.888266
90	9.96982	23.333	-13.0318	11.9934	606.602	10.216	21.9632	629.935	-2.81586	0.96296
91	0	0	0	21.5727	658.58	-10.429	21.5727	658.58	-10.429	1
92	0	0	0	22.6623	642.334	-23.6837	22.6623	642.334	-23.6837	1
93	0	0	0	22.6212	619.29	-25.2973	22.6212	619.29	-25.2973	1
94	0	0	0	22.0381	597.518	-16.0964	22.0381	597.518	-16.0964	1
95	0	0	0	20.7466	575.332	2.75386	20.7466	575.332	2.75386	1
96	0	0	0	26.0584	595.65	35.7086	26.0584	595.65	35.7086	1
97	0	0	0	27.6148	591.98	57.5712	27.6148	591.98	57.5712	1
98	0	0	0	28.0357	577.733	78.6758	28.0357	577.733	78.6758	1
99	0	0	0	28.9639	563.78	101.893	28.9639	563.78	101.893	1
100	29.8327	543.482	-52.577	-17.2199	897.13	111.199	12.6128	1440.61	58.6223	0.377258
101	3.78129	411.376	18.8035	-24.5658	162.362	-88.1148	-20.7845	573.738	-69.3113	0.71701
102	-8.15726	594.066	-3.37054	-16.3188	102.372	-66.2051	-24.4761	696.437	-69.5756	0.853007
103	-8.65873	649.414	17.7972	-17.0154	91.1129	-55.3892	-25.6741	740.527	-37.592	0.876962
104	-49.087	988.988	-84.0177	-22.0128	84.5609	-49.1961	-71.0998	1073.55	-133.214	0.921232
105	-2.33129	518.352	51.6114	-13.5372	85.2664	-48.274	-15.8685	603.619	3.3374	0.858741
106	-3.68194	540.121	34.8038	-12.5494	76.0385	-42.594	-16.2313	616.16	-7.79015	0.876593
107	-9.98797	590.097	15.0888	-10.4521	37.755	-21.1148	-20.44	627.852	-6.02606	0.939866
108	-20.9586	655.999	-5.69763	0	0	0	-20.9586	655.999	-5.69763	1
109	-22.9687	648.663	-21.7129	0	0	0	-22.9687	648.663	-21.7129	1
110	-22.9011	625.097	-26.3049	0	0	0	-22.9011	625.097	-26.3049	1
111	-22.3485	603.297	-19.0704	0	0	0	-22.3485	603.297	-19.0704	1
112	-20.379	575.996	-4.56001	0	0	0	-20.379	575.996	-4.56001	1
113	-24.0335	586.96	26.8413	0	0	0	-24.0335	586.96	26.8413	1
114	-27.5037	595.387	52.0797	0	0	0	-27.5037	595.387	52.0797	1
115	-27.9056	581.453	73.1457	0	0	0	-27.9056	581.453	73.1457	1
116	-28.7495	567.608	95.6033	0	0	0	-28.7495	567.608	95.6033	1
117	20.62	971.04	502.218	10.3923	1453.4	-229.897	31.0123	2424.44	272.321	0.599479
118	7.20476	320.527	-42.3352	-6.78288	357.467	29.6679	0.421877	677.994	-12.6672	0.527241
119	15.7881	110.411	-72.5846	7.17811	559.992	-3.58873	22.9662	670.404	-76.1733	0.835306
120	17.0915	91.3888	-56.4197	9.00927	642.852	10.6723	26.1008	734.241	-45.7473	0.875533
121	18.6813	94.6351	-55.6235	10.0775	849.19	-12.2059	28.7588	943.825	-67.8294	0.899732
122	14.4834	84.5591	-48.1312	4.22976	540.507	48.2594	18.7131	625.067	0.128182	0.86472
123	12.921	81.283	-45.5969	2.80061	530.112	40.1346	15.7216	611.395	-5.46224	0.867053
124	11.5486	50.9704	-28.5051	8.19336	576.442	19.7026	19.742	627.413	-8.80257	0.918761
125	0	0	0	18.9319	644.052	0.2614	18.9319	644.052	0.2614	1
126	0	0	0	23.1454	655.13	-18.2485	23.1454	655.13	-18.2485	1
127	0	0	0	23.2321	631.576	-26.0713	23.2321	631.576	-26.0713	1
128	0	0	0	22.9353	610.178	-21.8432	22.9353	610.178	-21.8432	1
129	0	0	0	21.1486	583.059	-10.2321	21.1486	583.059	-10.2321	1
130	0	0	0	22.9337	581.226	17.7538	22.9337	581.226	17.7538	1
131	0	0	0	27.7768	598.748	46.8133	27.7768	598.748	46.8133	1
132	0	0	0	28.2253	585.699	67.6151	28.2253	585.699	67.6151	1
133	0	0	0	28.872	571.472	89.2244	28.872	571.472	89.2244	1
134	0	0	0	29.9333	556.786	112.744	29.9333	556.786	112.744	1
135	6.51928	354.525	20.5749	-1.63829	514.242	-4.61535	4.88098	868.767	15.9596	0.408079
136	-6.51161	516.415	0.484078	-15.4161	120.882	-80.6333	-21.9277	637.297	-80.1492	0.810321
137	-8.75955	630.288	4.19528	-17.3271	93.6827	-58.8208	-26.0867	723.971	-54.6255	0.870599
138	-7.31649	646.964	30.4641	-17.4163	93.908	-55.8046	-24.7328	740.872	-25.3405	0.873247
139	-9.20166	609.572	29.5079	-16.2971	83.3736	-47.7863	-25.4987	692.945	-18.2784	0.879682
140	-1.82058	521.237	45.4784	-13.3857	84.5118	-47.5238	-15.2063	605.749	-2.0454	0.860484
141	-6.72273	577.76	22.6731	-12.424	62.2676	-34.8279	-19.1467	640.027	-12.1548	0.902711
142	-14.6197	621.219	6.15282	-5.85575	10.4963	-5.85575	-20.4754	631.715	0.29707	0.983384
143	-22.324	658.113	-14.0221	0	0	0	-22.324	658.113	-14.0221	1
144	-22.9675	637.938	-25.0427	0	0	0	-22.9675	637.938	-25.0427	1
145	-22.8103	615.137	-24.2818	0	0	0	-22.8103	615.137	-24.2818	1
146	-22.2107	594.133	-13.7985	0	0	0	-22.2107	594.133	-13.7985	1
147	-21.6196	576.929	8.75294	0	0	0	-21.6196	576.929	8.75294	1
148	-27.3014	600.617	41.0765	0	0	0	-27.3014	600.617	41.0765	1
149	-27.9581	589.341	61.6593	0	0	0	-27.9581	589.341	61.6593	1
150	-28.4586	575.172	82.9504	0	0	0	-28.4586	575.172	82.9504	1
151	-29.4778	561.268	106.561	0	0	0	-29.4778	561.268	106.561	1
152	6.81976	740.049	47.5313	-34.5069	470.745	-18.8553	-27.6872	1210.79	28.676	0.388791
153	17.2725	133.859	-90.3017	3.42653	458.25	10.6817	20.699	592.109	-79.6201	0.773929
154	16.7765	98.0843	-62.6789	8.45158	610.794	-0.898765	25.2281	708.878	-63.5776	0.861634
155	17.1636	91.7724	-55.2404	8.17442	649.943	22.954	25.338	741.715	-32.2864	0.87627
156	18.9918	82.9666	-47.9577	23.4018	763.397	-20.7014	42.3935	846.364	-68.6591	0.901973
157	13.377	85.6163	-48.3179	1.8622	516.409	50.0417	15.2392	602.025	1.72377	0.857786
158	12.4802	71.4999	-40.0185	4.33937	547.527	31.382	16.8195	619.027	-8.63647	0.884496
159	9.93083	27.8007	-15.538	11.6392	601.592	11.6429	21.57	629.392	-3.89513	0.955829
160	0	0	0	21.6995	658.38	-9.18508	21.6995	658.38	-9.18508	1
161	0	0	0	22.9596	644.083	-23.2721	22.9596	644.083	-23.2721	1
162	0	0	0	22.8646	620.948	-25.7677	22.8646	620.948	-25.7677	1
163	0	0	0	22.2365	598.986	-17.1049	22.2365	598.986	-17.1049	1
164	0	0	0	20.6762	575.118	0.401914	20.6762	575.118	0.401914	1
165	0	0	0	25.4569	592.109	32.9735	25.4569	592.109	32.9735	1
166	0	0	0	27.7017	593.016	55.8685	27.7017	593.016	55.8685	1
167	0	0	0	28.1265	578.804	76.9498	28.1265	578.804	76.9498	1
168	0	0	0	29.035	564.841	99.9558	29.035	564.841	99.9558	1
169	28.4013	680.269	-84.9825	-26.8479	955.377	170.644	1.55337	1635.65	85.6614	0.415902
170	4.53873	387.368	24.0532	-14.1205	208.404	-66.7849	-9.58181	595.771	-42.7316	0.650195
171	-7.83556	583.172	-3.64784	-16.3819	104.712	-68.0853	-24.2175	687.884	-71.7332	0.847777
172	-8.77641	647.613	15.4525	-17.213	90.9766	-55.5674	-25.9894	738.589	-40.1149	0.876824
173	-48.1918	1315.67	-131.502	-20.0657	87.8919	-51.3075	-68.2575	1403.57	-182.81	0.93738
174	-2.64146	522.372	51.5264	-13.9278	85.214	-48.3156	-16.5693	607.586	3.21073	0.85975
175	-3.30091	536.743	36.5689	-12.8226	78.0757	-43.7463	-16.1235	614.819	-7.17738	0.87301
176	-9.16783	584.79	16.7825	-11.0112	42.4831	-23.7566	-20.1791	627.273	-6.97412	0.932273
177	-20.4239	653.542	-3.68026	0	0	0	-20.4239	653.542	-3.68026	1
178	-23.0692	651.337	-20.5947	0	0	0	-23.0692	651.337	-20.5947	1
179	-23.0814	627.297	-26.2636	0	0	0	-23.0814	627.297	-26.2636	1
180	-22.6668	605.884	-19.8646	0	0	0	-22.6668	605.884	-19.8646	1
181	-20.638	577.355	-6.67115	0	0	0	-20.638	577.355	-6.67115	1
182	-23.7814	584.935	23.8455	0	0	0	-23.7814	584.935	23.8455	1
183	-27.735	596.5	50.2829	0	0	0	-27.735	596.5	50.2829	1
184	-28.1421	582.882	71.3491	0	0	0	-28.1421	582.882	71.3491	1
185	-28.908	568.904	93.4665	0	0	0	-28.908	568.904	93.4665	1
186	-29.9344	553.539	116.667	0	0	0	-29.9344	553.539	116.667	1
187	5.75141	381.625	-30.4564	-7.12704	350.525	30.016	-1.37562	732.15	-0.44046	0.478761
188	15.7288	113.647	-75.0954	6.75783	546.729	-2.8265	22.4866	660.376	-77.9219	0.827906
189	17.2503	91.9418	-57.0739	8.89039	639.39	8.39395	26.1407	731.332	-48.68	0.874282
190	17.2188	95.8433	-56.5335	6.79387	642.551	35.2802	24.0127	738.394	-21.2533	0.8702
191	15.0429	84.1553	-48.0038	5.32599	556.833	44.3288	20.3689	640.988	-3.67497	0.86871
192	13.117	82.6112	-46.3746	2.35913	526.923	41.9351	15.4761	609.534	-4.43953	0.864468
193	11.9375	54.9669	-30.7402	7.556	574.465	20.8974	19.4935	629.432	-9.84282	0.912672
194	0	0	0	17.5449	636.778	2.23773	17.5449	636.778	2.23773	1
195	0	0	0	22.7948	656.377	-16.9119	22.7948	656.377	-16.9119	1
196	0	0	0	23.0608	633.741	-25.8159	23.0608	633.741	-25.8159	1
197	0	0	0	22.8004	611.73	-22.7807	22.8004	611.73	-22.7807	1
198	0	0	0	21.4119	587.408	-11.5679	21.4119	587.408	-11.5679	1
199	0	0	0	22.3733	579.587	14.7045	22.3733	579.587	14.7045	1
200	0	0	0	27.5807	599.838	44.9934	27.5807	599.838	44.9934	1
201	0	0	0	28.0366	586.907	65.5891	28.0366	586.907	65.5891	1
202	0	0	0	28.6236	572.734	87.0988	28.6236	572.734	87.0988	1
203	0	0	0	29.6681	558.376	110.712	29.6681	558.376	110.712	1
204	9.2817	372.153	10.8106	-0.760728	586.174	10.1526	8.52097	958.327	20.9633	0.388336
205	-6.6347	498.993	3.1501	-15.2092	124.92	-83.6777	-21.8439	623.913	-80.5276	0.79978
206	-8.75332	624.609	2.29647	-17.0414	94.9037	-59.937	-25.7948	719.513	-57.6405	0.8681
207	-7.70501	648.502	27.9747	-17.225	93.0641	-55.5293	-24.93	741.566	-27.5546	0.874503
208	-12.4467	649.03	17.3725	-16.8354	83.0237	-47.7146	-29.2821	732.054	-30.3422	0.886588
209	-1.89955	518.963	47.1468	-13.2593	85.0779	-47.8945	-15.1589	604.041	-0.747639	0.859152
210	-5.52584	582.952	23.4234	-12.231	65.6007	-36.7008	-17.7569	648.552	-13.2774	0.898851
211	-13.6754	614.195	8.0112	-9.21106	16.5901	-9.25239	-22.8864	630.785	-1.24118	0.973699
212	-22.2673	658.55	-12.5102	0	0	0	-22.2673	658.55	-12.5102	1
213	-23.0242	639.971	-24.567	0	0	0	-23.0242	639.971	-24.567	1
214	-22.849	616.991	-24.9051	0	0	0	-22.849	616.991	-24.9051	1
215	-22.1948	595.59	-14.9682	0	0	0	-22.1948	595.59	-14.9682	1
216	-21.239	576.021	5.85796	0	0	0	-21.239	576.021	5.85796	1
217	-26.8548	599.37	38.7753	0	0	0	-26.8548	599.37	38.7753	1
218	-27.8637	590.617	59.7083	0	0	0	-27.8637	590.617	59.7083	1
219	-28.3483	576.411	80.9097	0	0	0	-28.3483	576.411	80.9097	1
220	-29.3731	562.556	104.396	0	0	0	-29.3731	562.556	104.396	1
221	13.4168	819.14	73.6696	-44.6093	554.04	-33.9567	-31.1926	1373.18	39.7129	0.403472
222	20.4495	139.45	-94.3338	-0.538917	433.545	15.4193	19.9106	572.995	-78.9146	0.75663
223	16.7438	100.045	-64.3072	8.30325	602.451	-2.12287	25.047	702.496	-66.4301	0.857587
224	17.2488	91.33	-55.2314	8.4163	649.772	20.4367	25.6651	741.102	-34.7947	0.876765
225	20.8001	83.4806	-48.3996	34.3526	851.144	-50.1097	55.1528	934.624	-98.5094	0.91068
226	13.5772	85.5564	-48.3513	1.97278	516.718	51.0622	15.5499	602.275	2.71081	0.857945
227	12.6698	73.9164	-41.3816	3.93824	543.828	33.0932	16.608	617.744	-8.28846	0.880345
228	10.3954	32.9602	-18.4266	10.6989	595.716	13.4059	21.0944	628.676	-5.02069	0.947572
229	0	0	0	21.3705	657.553	-7.40723	21.3705	657.553	-7.40723	1
230	0	0	0	22.9928	646.305	-22.472	22.9928	646.305	-22.472	1
231	0	0	0	22.9672	623.038	-26.0251	22.9672	623.038	-26.0251	1
232	0	0	0	22.4035	601.01	-18.0619	22.4035	601.01	-18.0619	1
233	0	0	0	20.6265	575.28	-2.11814	20.6265	575.28	-2.11814	1
234	0	0	0	24.7392	588.935	29.8915	24.7392	588.935	29.8915	1
235	0	0	0	27.7678	594.196	53.988	27.7678	594.196	53.988	1
236	0	0	0	28.1681	580.066	75.0435	28.1681	580.066	75.0435	1
237	0	0	0	29.0374	566.205	97.7913	29.0374	566.205	97.7913	1
238	3.74629	949.95	-134.947	-23.6145	987.572	275.036	-19.8682	1937.52	140.089	0.490291
239	5.76915	370.113	27.3599	-9.00342	264.09	-54.1504	-3.23427	634.203	-26.7904	0.583588
240	-7.4514	572.114	-3.84074	-16.2085	107.436	-70.2465	-23.6599	679.55	-74.0872	0.841902
241	-8.81278	645.571	13.033	-17.2417	91.0928	-55.9311	-26.0545	736.664	-42.8981	0.876344
242	42.1342	2878.53	-545.396	4.73951	94.1351	-55.2931	46.8737	2972.67	-600.689	0.968333
243	-3.19076	529.357	50.5257	-14.2395	84.977	-48.2708	-17.4303	614.334	2.2549	0.861676
244	-2.92974	533.336	38.3535	-12.9368	79.826	-44.751	-15.8665	613.162	-6.39756	0.869812
245	-8.45167	579.932	18.3691	-11.3552	46.8909	-26.2224	-19.8069	626.823	-7.85332	0.925193
246	-19.6153	649.612	-1.70082	0	0	0	-19.6153	649.612	-1.70082	1
247	-23.0343	653.623	-19.4481	0	0	0	-23.0343	653.623	-19.4481	1
248	-23.0565	629.451	-26.2018	0	0	0	-23.0565	629.451	-26.2018	1
249	-22.751	608.375	-20.7554	0	0	0	-22.751	608.375	-20.7554	1
250	-20.7574	579.658	-8.59154	0	0	0	-20.7574	579.658	-8.59154	1
251	-23.268	583.012	20.7987	0	0	0	-23.268	583.012	20.7987	1
252	-27.6694	597.616	48.5052	0	0	0	-27.6694	597.616	48.5052	1
253	-28.1053	584.367	69.5345	0	0	0	-28.1053	584.367	69.5345	1
254	-28.7861	570.192	91.3307	0	0	0	-28.7861	570.192	91.3307	1
255	-29.8185	555.171	114.712	0	0	0	-29.8185	555.171	114.712	1
256	3.43047	446.052	-17.9872	-6.66672	348.653	26.7433	-3.23625	794.705	8.75611	0.43872
257	15.3932	117.132	-77.7767	6.57511	532.25	-1.49441	21.9684	649.382	-79.2711	0.819626
258	17.1675	92.6954	-57.868	8.89409	635.221	6.21953	26.0616	727.916	-51.6484	0.872656
259	17.204	94.8307	-56.139	7.13171	644.998	32.8857	24.3357	739.828	-23.2533	0.871821
260	15.5015	83.6954	-47.8532	7.06731	579.491	38.2309	22.5688	663.187	-9.62237	0.873798
261	13.139	83.6634	-47.0047	2.16772	523.972	43.714	15.3067	607.635	-3.29067	0.862313
262	12.0856	58.6769	-32.8178	7.35309	574.389	21.9169	19.4386	633.066	-10.9008	0.907313
263	2.17574	3.89848	-2.17574	16.1561	628.885	4.17971	18.3318	632.783	2.00397	0.993839
264	0	0	0	22.6573	657.375	-15.5352	22.6573	657.375	-15.5352	1
265	0	0	0	23.0589	635.854	-25.5022	23.0589	635.854	-25.5022	1
266	0	0	0	22.8072	613.37	-23.6154	22.8072	613.37	-23.6154	1
267	0	0	0	21.8968	591.716	-12.6806	21.8968	591.716	-12.6806	1
268	0	0	0	21.9432	578.159	11.6846	21.9432	578.159	11.6846	1
269	0	0	0	27.4497	600.624	43.0907	27.4497	600.624	43.0907	1
270	0	0	0	27.9653	588.145	63.6039	27.9653	588.145	63.6039	1
271	0	0	0	28.5206	573.992	85.001	28.5206	573.992	85.001	1
272	0	0	0	29.5726	559.911	108.65	29.5726	559.911	108.65	1
273	18.6972	407.799	-2.73381	-2.06359	661.65	27.1263	16.6336	1069.45	24.3925	0.381317
274	-5.89141	479.687	6.57834	-15.8015	129.242	-86.9004	-21.6929	608.929	-80.322	0.787755
275	-8.64991	618.09	0.596093	-16.9672	96.372	-61.2234	-25.6171	714.462	-60.6273	0.865113
276	-7.97885	649.491	25.4714	-17.2395	92.342	-55.3343	-25.2184	741.833	-29.8629	0.875522
277	-16.8302	699.26	1.03598	-17.7885	82.8079	-47.7243	-34.6187	782.068	-46.6883	0.894117
278	-1.86706	517.274	48.695	-13.3456	85.4382	-48.1534	-15.2127	602.713	0.541626	0.858244
279	-4.12767	572.709	25.8179	-12.3122	68.7697	-38.481	-16.4399	641.478	-12.6631	0.892795
280	-12.6267	607.773	9.84232	-9.63997	22.326	-12.4687	-22.2667	630.099	-2.6264	0.964567
281	-22.0511	658.663	-10.8803	0	0	0	-22.0511	658.663	-10.8803	1
282	-23.0206	642.002	-23.9597	0	0	0	-23.0206	642.002	-23.9597	1
283	-22.8982	618.932	-25.3831	0	0	0	-22.8982	618.932	-25.3831	1
284	-22.259	597.21	-16.0617	0	0	0	-22.259	597.21	-16.0617	1
285	-20.9856	575.399	3.08187	0	0	0	-20.9856	575.399	3.08187	1
286	-26.3883	596.34	36.0846	0	0	0	-26.3883	596.34	36.0846	1
287	-27.8471	591.832	57.7885	0	0	0	-27.8471	591.832	57.7885	1
288	-28.2945	577.604	78.9172	0	0	0	-28.2945	577.604	78.9172	1
289	-29.2666	563.682	102.189	0	0	0	-29.2666	563.682	102.189	1
290	16.5327	893.697	111.426	-19.977	598.629	-46.6714	-3.44436	1492.33	64.7547	0.401138
291	24.1927	160.913	-89.9594	-3.82498	408.57	19.9955	20.3677	569.483	-69.9639	0.71744
292	16.6107	102.254	-66.1095	8.05723	593.281	-3.05214	24.668	695.535	-69.1617	0.852985
293	17.2627	91.0662	-55.3411	8.57333	649.013	17.9362	25.836	740.079	-37.4049	0.876951
294	22.3381	84.6263	-49.2192	49.5173	992.184	-84.8864	71.8555	1076.81	-134.106	0.92141
295	13.7529	85.3394	-48.304	2.19931	518.474	51.6222	15.9522	603.813	3.31815	0.858666
296	12.7804	76.121	-42.6316	3.56295	540.221	34.8299	16.3434	616.342	-7.80174	0.876496
297	10.7501	37.8694	-21.1746	9.8765	590.072	15.1337	20.6266	627.941	-6.04097	0.939693
298	0	0	0	20.9048	656.044	-5.55938	20.9048	656.044	-5.55938	1
299	0	0	0	22.9826	648.745	-21.5733	22.9826	648.745	-21.5733	1
300	0	0	0	22.9957	625.159	-26.1822	22.9957	625.159	-26.1822	1
301	0	0	0	22.505	603.32	-18.969	22.505	603.32	-18.969	1
302	0	0	0	20.5681	575.962	-4.48357	20.5681	575.962	-4.48357	1
303	0	0	0	24.2504	586.916	26.896	24.2504	586.916	26.896	1
304	0	0	0	27.7337	595.347	52.1258	27.7337	595.347	52.1258	1
305	0	0	0	28.1256	581.407	73.1809	28.1256	581.407	73.1809	1
306	0	0	0	28.949	567.553	95.629	28.949	567.553	95.629	1
307	-9.20991	1453.73	-230.531	-19.4967	972.633	502.815	-28.7066	2426.37	272.284	0.59914
308	6.7659	357.556	29.6332	-7.18187	320.632	-42.2815	-0.41597	678.188	-12.6483	0.527222
309	-7.09171	560.001	-3.59052	-15.9467	110.408	-72.5791	-23.0384	670.408	-76.1697	0.835313
310	-8.87616	642.837	10.6689	-17.2169	91.4091	-56.4293	-26.0931	734.246	-45.7604	0.875506
311	-9.86443	849.141	-12.2163	-18.788	94.6742	-55.6442	-28.6524	943.815	-67.8604	0.89969
312	-4.09129	540.469	48.2574	-14.5752	84.6111	-48.1597	-18.6665	625.08	0.0976523	0.86464
313	-2.65089	530.058	40.1388	-12.9999	81.3363	-45.6265	-15.6508	611.394	-5.48772	0.866966
314	-7.95264	575.968	19.8044	-11.6235	51.0362	-28.5415	-19.5762	627.004	-8.73706	0.918603
315	-18.7158	643.964	0.274954	0	0	0	-18.7158	643.964	0.274954	1
316	-22.957	655.149	-18.2365	0	0	0	-22.957	655.149	-18.2365	1
317	-23.067	631.604	-26.0662	0	0	0	-23.067	631.604	-26.0662	1
318	-22.7868	610.196	-21.8462	0	0	0	-22.7868	610.196	-21.8462	1
319	-21.0118	583.069	-10.2428	0	0	0	-21.0118	583.069	-10.2428	1
320	-22.7938	581.226	17.7354	0	0	0	-22.7938	581.226	17.7354	1
321	-27.6221	598.75	46.7902	0	0	0	-27.6221	598.75	46.7902	1
322	-28.0609	585.705	67.5899	0	0	0	-28.0609	585.705	67.5899	1
323	-28.6938	571.483	89.1993	0	0	0	-28.6938	571.483	89.1993	1
324	-29.7374	556.804	112.721	0	0	0	-29.7374	556.804	112.721	1
325	1.68536	514.297	-4.62336	-6.52588	354.528	20.5728	-4.84051	868.825	15.9495	0.408055
326	15.1857	120.894	-80.6422	6.57837	516.376	0.479041	21.7641	637.27	-80.1631	0.810294
327	17.1174	93.6817	-58.8217	8.85381	630.297	4.17811	25.9713	723.979	-54.6436	0.870602
328	17.223	93.8944	-55.7984	7.43954	646.995	30.448	24.6625	740.889	-25.3504	0.873268
329	16.106	83.3485	-47.7741	9.35654	609.661	29.4813	25.4626	693.009	-18.2928	0.87973
330	13.2011	84.4786	-47.507	1.99347	521.285	45.4637	15.1945	605.763	-2.04335	0.860542
331	12.2048	62.2291	-34.8085	6.89819	578.162	22.6189	19.103	640.391	-12.1896	0.902826
332	5.82168	10.4349	-5.82168	14.8519	621.266	6.12179	20.6735	631.701	0.300108	0.983481
333	0	0	0	22.4814	658.11	-14.0627	22.4814	658.11	-14.0627	1
334	0	0	0	23.0513	637.929	-25.0806	23.0513	637.929	-25.0806	1
335	0	0	0	22.8332	615.137	-24.314	22.8332	615.137	-24.314	1
336	0	0	0	22.1913	594.147	-13.8237	22.1913	594.147	-13.8237	1
337	0	0	0	21.578	576.959	8.73493	21.578	576.959	8.73493	1
338	0	0	0	27.2563	600.652	41.0619	27.2563	600.652	41.0619	1
339	0	0	0	27.9226	589.38	61.6481	27.9226	589.38	61.6481	1
340	0	0	0	28.4426	575.214	82.9412	28.4426	575.214	82.9412	1
341	0	0	0	29.4893	561.312	106.552	29.4893	561.312	106.552	1
342	34.7802	468.907	-18.981	-6.79157	739.906	47.491	27.9886	1208.81	28.51	0.387907
343	-3.43419	458.016	10.7429	-17.3649	133.866	-90.3067	-20.7991	591.882	-79.5637	0.77383
344	-8.49127	610.721	-0.887388	-16.8729	98.0847	-62.679	-25.3642	708.806	-63.5664	0.86162
345	-8.20633	649.924	22.9562	-17.2507	91.76	-55.2322	-25.4571	741.684	-32.276	0.876281
346	-23.4631	763.361	-20.7041	-19.0787	82.944	-47.9431	-42.5418	846.305	-68.6472	0.901993
347	-1.84638	516.426	50.0373	-13.4525	85.5971	-48.3054	-15.2989	602.023	1.7319	0.857817
348	-4.30993	547.552	31.3779	-12.5654	71.4826	-40.007	-16.8753	619.035	-8.62909	0.884526
349	-11.6252	601.617	11.6432	-10.0377	27.784	-15.5274	-21.6629	629.401	-3.88415	0.955856
350	-21.707	658.385	-9.17524	0	0	0	-21.707	658.385	-9.17524	1
351	-23.0018	644.083	-23.2596	0	0	0	-23.0018	644.083	-23.2596	1
352	-22.9326	620.951	-25.7537	0	0	0	-22.9326	620.951	-25.7537	1
353	-22.3237	598.992	-17.0901	0	0	0	-22.3237	598.992	-17.0901	1
354	-20.7741	575.125	0.416569	0	0	0	-20.7741	575.125	0.416569	1
355	-25.5641	592.114	32.9876	0	0	0	-25.5641	592.114	32.9876	1
356	-27.81	593.019	55.8812	0	0	0	-27.81	593.019	55.8812	1
357	-28.2291	578.807	76.9609	0	0	0	-28.2291	578.807	76.9609	1
358	-29.1294	564.844	99.9652	0	0	0	-29.1294	564.844	99.9652	1
359	26.7536	955.39	170.656	-28.4449	680.258	-84.9758	-1.69127	1635.65	85.6807	0.415895
360	14.0344	208.316	-66.7786	-4.55904	387.392	24.0476	9.4754	595.709	-42.731	0.650305
361	16.4281	104.716	-68.0883	7.77568	583.188	-3.64229	24.2038	687.904	-71.7306	0.847775
362	17.2562	90.9833	-55.5715	8.70744	647.62	15.4618	25.9637	738.603	-40.1097	0.876817
363	20.1132	87.9004	-51.3124	48.0601	1315.67	-131.477	68.1733	1403.57	-182.789	0.937374
364	13.9691	85.226	-48.3224	2.57634	522.357	51.5376	16.5454	607.583	3.21519	0.85973
365	12.8653	78.0924	-43.7555	3.22834	536.723	36.5827	16.0937	614.815	-7.1728	0.872982
366	11.064	42.5111	-23.7721	9.08092	584.76	16.7998	20.1449	627.271	-6.97232	0.932229
367	0	0	0	20.33	653.528	-3.65515	20.33	653.528	-3.65515	1
368	0	0	0	22.9934	651.342	-20.5705	22.9934	651.342	-20.5705	1
369	0	0	0	23.0225	627.302	-26.2429	23.0225	627.302	-26.2429	1
370	0	0	0	22.6205	605.885	-19.8478	22.6205	605.885	-19.8478	1
371	0	0	0	20.6005	577.348	-6.65854	20.6005	577.348	-6.65854	1
372	0	0	0	23.7449	584.922	23.8553	23.7449	584.922	23.8553	1
373	0	0	0	27.6959	596.485	50.2911	27.6959	596.485	50.2911	1
374	0	0	0	28.0999	582.865	71.3555	28.0999	582.865	71.3555	1
375	0	0	0	28.8603	568.884	93.4717	28.8603	568.884	93.4717	1
376	0	0	0	29.8798	553.517	116.671	29.8798	553.517	116.671	1
377	7.14866	350.56	30.0148	-5.74425	381.537	-30.4684	1.40442	732.097	-0.453665	0.478844
378	-6.7689	546.748	-2.83081	-15.6622	113.64	-75.0904	-22.4311	660.388	-77.9212	0.827919
379	-8.90721	639.396	8.38962	-17.1895	91.9403	-57.0727	-26.0967	731.336	-48.6831	0.874285
380	-6.81807	642.552	35.2743	-17.163	95.8465	-56.5355	-23.981	738.398	-21.2612	0.870197
381	-5.36252	556.838	44.3232	-14.9894	84.1602	-48.0071	-20.3519	640.999	-3.68386	0.868705
382	-2.40067	526.924	41.9301	-13.0628	82.6126	-46.376	-15.4634	609.537	-4.44595	0.864467
383	-7.58346	573.831	20.9979	-11.8707	54.9534	-30.7333	-19.4541	628.785	-9.73543	0.912604
384	-17.5996	636.773	2.22375	0	0	0	-17.5996	636.773	2.22375	1
385	-22.8281	656.377	-16.929	0	0	0	-22.8281	656.377	-16.929	1
386	-23.0741	633.74	-25.8327	0	0	0	-23.0741	633.74	-25.8327	1
387	-22.7975	611.73	-22.7964	0	0	0	-22.7975	611.73	-22.7964	1
388	-21.3981	587.411	-11.5821	0	0	0	-21.3981	587.411	-11.5821	1
389	-22.3539	579.595	14.6918	0	0	0	-22.3539	579.595	14.6918	1
390	-27.5595	599.848	44.9814	0	0	0	-27.5595	599.848	44.9814	1
391	-28.0179	586.92	65.5785	0	0	0	-28.0179	586.92	65.5785	1
392	-28.61	572.75	87.0895	0	0	0	-28.61	572.75	87.0895	1
393	-29.6612	558.394	110.704	0	0	0	-29.6612	558.394	110.704	1
394	0.763282	586.216	10.1534	-9.3221	372.059	10.8381	-8.55881	958.275	20.9915	0.388259
395	15.227	124.927	-83.6829	6.64546	498.95	3.15643	21.8725	623.878	-80.5264	0.799757
396	17.058	94.9055	-59.9386	8.77013	624.596	2.29526	25.8282	719.501	-57.6433	0.868095
397	17.2408	93.0595	-55.5267	7.72	648.502	27.9733	24.9608	741.561	-27.5534	0.874509
398	16.8502	83.0145	-47.7092	12.4575	649.042	17.37	29.3077	732.056	-30.3392	0.886601
399	13.2739	85.0698	-47.8896	1.90301	518.971	47.1449	15.1769	604.041	-0.744693	0.859166
400	12.2294	65.63	-36.717	5.32399	583.934	23.2728	17.5534	649.564	-13.4442	0.898963
401	9.23188	16.5827	-9.24802	13.6759	614.206	8.01112	22.9078	630.789	-1.2369	0.973711
402	0	0	0	22.2719	658.551	-12.5089	22.2719	658.551	-12.5089	1
403	0	0	0	23.0327	639.972	-24.5651	23.0327	639.972	-24.5651	1
404	0	0	0	22.8613	616.995	-24.9026	22.8613	616.995	-24.9026	1
405	0	0	0	22.2098	595.594	-14.9652	22.2098	595.594	-14.9652	1
406	0	0	0	21.2555	576.026	5.86111	21.2555	576.026	5.86111	1
407	0	0	0	26.869	599.374	38.7784	26.869	599.374	38.7784	1
408	0	0	0	27.8823	590.621	59.7108	27.8823	590.621	59.7108	1
409	0	0	0	28.3662	576.414	80.9117	28.3662	576.414	80.9117	1
410	0	0	0	29.39	562.558	104.397	29.39	562.558	104.397	1
411	44.5739	554.037	-33.9127	-13.3884	819.15	73.6689	31.1855	1373.19	39.7562	0.403468
412	0.545035	433.531	15.4231	-20.4511	139.455	-94.3373	-19.906	572.986	-78.9142	0.756618
413	-8.29285	602.452	-2.12022	-16.751	100.045	-64.3072	-25.0439	702.497	-66.4274	0.857587
414	-8.40509	649.775	20.4395	-17.2542	91.3296	-55.2311	-25.6593	741.104	-34.7916	0.876765
415	-34.3385	851.152	-50.1066	-20.8046	83.4798	-48.3991	-55.1431	934.631	-98.5057	0.910682
416	-1.96512	516.718	51.0643	-13.5812	85.556	-48.3511	-15.5463	602.274	2.71323	0.857945
417	-3.93294	543.826	33.096	-12.6738	73.9164	-41.3816	-16.6068	617.742	-8.28552	0.880344
418	-10.6926	595.714	13.4093	-10.401	32.9609	-18.4269	-21.0936	628.675	-5.01761	0.947571
419	-21.366	657.551	-7.40178	0	0	0	-21.366	657.551	-7.40178	1
420	-22.9912	646.302	-22.4665	0	0	0	-22.9912	646.302	-22.4665	1
421	-22.9682	623.035	-26.0198	0	0	0	-22.9682	623.035	-26.0198	1
422	-22.4064	601.007	-18.0569	0	0	0	-22.4064	601.007	-18.0569	1
423	-20.6306	575.276	-2.11359	0	0	0	-20.6306	575.276	-2.11359	1
424	-24.7436	588.931	29.8961	0	0	0	-24.7436	588.931	29.8961	1
425	-27.7719	594.191	53.9926	0	0	0	-27.7719	594.191	53.9926	1
426	-28.1716	580.06	75.0479	0	0	0	-28.1716	580.06	75.0479	1
427	-29.04	566.199	97.7956	0	0	0	-29.04	566.199	97.7956	1
428	23.6162	987.562	275.044	-3.75091	950.019	-134.973	19.8653	1937.58	140.071	0.490312
429	9.00264	263.948	-54.1089	-5.771	370.116	27.3633	3.23163	634.065	-26.7456	0.58372
430	16.2092	107.433	-70.2445	7.44845	572.115	-3.83983	23.6576	679.548	-74.0844	0.841905
431	17.2438	91.0938	-55.9315	8.80928	645.568	13.0332	26.0531	736.662	-42.8982	0.876342
432	-4.73715	94.1388	-55.2951	-42.1443	2878.51	-545.397	-46.8814	2972.65	-600.692	0.968332
433	14.2429	84.9822	-48.2737	3.18508	529.352	50.5257	17.428	614.334	2.25196	0.861668
434	12.9406	79.8316	-44.7541	2.92259	533.331	38.3534	15.8632	613.163	-6.40066	0.869804
435	11.3582	46.8972	-26.2259	8.43422	579.9	18.3793	19.7924	626.797	-7.8466	0.92518
436	0	0	0	19.602	649.607	-1.70176	19.602	649.607	-1.70176	1
437	0	0	0	23.0219	653.627	-19.4496	23.0219	653.627	-19.4496	1
438	0	0	0	23.0446	629.456	-26.2038	23.0446	629.456	-26.2038	1
439	0	0	0	22.7396	608.379	-20.758	22.7396	608.379	-20.758	1
440	0	0	0	20.7464	579.661	-8.59465	20.7464	579.661	-8.59465	1
441	0	0	0	23.2568	583.015	20.795	23.2568	583.015	20.795	1
442	0	0	0	27.6577	597.618	48.5011	27.6577	597.618	48.5011	1
443	0	0	0	28.0936	584.369	69.5303	28.0936	584.369	69.5303	1
444	0	0	0	28.7742	570.195	91.3264	28.7742	570.195	91.3264	1
445	0	0	0	29.8063	555.175	114.708	29.8063	555.175	114.708	1
446	6.66233	348.689	26.7295	-3.43121	446.092	-17.9836	3.23112	794.781	8.7459	0.438723
447	-6.58017	532.253	-1.49694	-15.3804	117.135	-77.7787	-21.9606	649.388	-79.2757	0.819623
448	-8.90033	635.225	6.21772	-17.1544	92.6954	-57.8682	-26.0547	727.92	-51.6505	0.872657
449	-7.14011	645.003	32.8848	-17.191	94.8282	-56.1378	-24.3311	739.831	-23.253	0.871825
450	-7.0794	579.498	38.2295	-15.4885	83.691	-47.8509	-22.5679	663.189	-9.62143	0.873805
451	-2.18115	523.976	43.7131	-13.1257	83.6584	-47.002	-15.3068	607.635	-3.28883	0.862321
452	-7.37758	574.564	21.8925	-12.0694	58.6732	-32.8159	-19.447	633.237	-10.9234	0.907344
453	-16.1785	628.892	4.17801	-2.17054	3.88916	-2.17054	-18.349	632.781	2.00747	0.993854
454	-22.6746	657.373	-15.5372	0	0	0	-22.6746	657.373	-15.5372	1
455	-23.0718	635.85	-25.5036	0	0	0	-23.0718	635.85	-25.5036	1
456	-22.8165	613.366	-23.616	0	0	0	-22.8165	613.366	-23.616	1
457	-21.9037	591.714	-12.6804	0	0	0	-21.9037	591.714	-12.6804	1
458	-21.9489	578.158	11.6856	0	0	0	-21.9489	578.158	11.6856	1
459	-27.4555	600.624	43.0922	0	0	0	-27.4555	600.624	43.0922	1
460	-27.9714	588.145	63.6058	0	0	0	-27.9714	588.145	63.6058	1
461	-28.5278	573.993	85.0031	0	0	0	-28.5278	573.993	85.0031	1
462	-29.5814	559.912	108.652	0	0	0	-29.5814	559.912	108.652	1
463	2.05038	661.61	27.1196	-18.6647	407.59	-2.72838	-16.6143	1069.2	24.3912	0.38121
464	15.8141	129.24	-86.8992	5.88829	479.674	6.58288	21.7024	608.915	-80.3163	0.787753
465	16.9812	96.3717	-61.223	8.64833	618.083	0.597897	25.6295	714.455	-60.6251	0.865112
466	17.2533	92.3428	-55.3346	7.97535	649.487	25.4722	25.2287	741.829	-29.8624	0.87552
467	17.803	82.8095	-47.725	16.8244	699.256	1.03725	34.6274	782.066	-46.6878	0.894114
468	13.3591	85.4407	-48.1546	1.85699	517.272	48.6953	15.2161	602.713	0.540716	0.85824
469	12.328	68.7741	-38.4833	4.12826	572.581	25.8326	16.4562	641.356	-12.6506	0.892768
470	9.65897	22.332	-12.4719	12.6095	607.768	9.84383	22.2685	630.1	-2.6281	0.964558
471	0	0	0	22.0369	658.665	-10.8782	22.0369	658.665	-10.8782	1
472	0	0	0	23.0107	642.005	-23.9579	23.0107	642.005	-23.9579	1
473	0	0	0	22.8923	618.936	-25.3818	22.8923	618.936	-25.3818	1
474	0	0	0	22.256	597.213	-16.061	22.256	597.213	-16.061	1
475	0	0	0	20.9842	575.401	3.08197	20.9842	575.401	3.08197	1
476	0	0	0	26.3874	596.34	36.0841	26.3874	596.34	36.0841	1
477	0	0	0	27.846	591.832	57.7877	27.846	591.832	57.7877	1
478	0	0	0	28.2926	577.605	78.916	28.2926	577.605	78.916	1
479	0	0	0	29.2632	563.682	102.187	29.2632	563.682	102.187	1
480	19.7224	596.929	-46.6676	-16.5138	893.7	111.424	3.20857	1490.63	64.7562	0.400454
481	3.82594	408.583	19.9903	-24.1912	160.927	-89.9439	-20.3652	569.51	-69.9536	0.717429
482	-8.05632	593.288	-3.05348	-16.601	102.255	-66.11	-24.6573	695.542	-69.1635	0.852986
483	-8.57333	649.017	17.9359	-17.2526	91.0658	-55.341	-25.8259	740.083	-37.405	0.876952
484	-49.5132	992.197	-84.8869	-22.326	84.625	-49.2186	-71.8392	1076.82	-134.106	0.921412
485	-2.2056	518.476	51.6223	-13.743	85.3376	-48.3031	-15.9486	603.814	3.31916	0.858669
486	-3.57107	540.223	34.8299	-12.7695	76.1185	-42.6303	-16.3405	616.342	-7.80039	0.8765
487	-9.88789	590.075	15.1333	-10.7368	37.8654	-21.1726	-20.6247	627.94	-6.03921	0.939699
488	-20.9163	656.043	-5.55999	0	0	0	-20.9163	656.043	-5.55999	1
489	-22.9911	648.742	-21.5738	0	0	0	-22.9911	648.742	-21.5738	1
490	-23.0014	625.156	-26.1823	0	0	0	-23.0014	625.156	-26.1823	1
491	-22.5085	603.317	-18.9688	0	0	0	-22.5085	603.317	-18.9688	1
492	-20.5702	575.959	-4.48296	0	0	0	-20.5702	575.959	-4.48296	1
493	-24.2519	586.915	26.8971	0	0	0	-24.2519	586.915	26.8971	1
494	-27.7351	595.345	52.1272	0	0	0	-27.7351	595.345	52.1272	1
495	-28.1275	581.406	73.1826	0	0	0	-28.1275	581.406	73.1826	1
496	-28.9518	567.551	95.6309	0	0	0	-28.9518	567.551	95.6309	1
497	19.4956	972.588	502.809	9.25824	1453.76	-230.542	28.7538	2426.35	272.267	0.599156
498	7.18406	320.608	-42.2838	-6.76719	357.536	29.6421	0.416862	678.144	-12.6416	0.527227
499	15.9544	110.406	-72.5782	7.09177	559.995	-3.58891	23.0462	670.401	-76.1672	0.835313
500	17.2253	91.4094	-56.4293	8.87592	642.832	10.6693	26.1012	734.242	-45.76	0.875505
501	18.7967	94.6755	-55.6448	9.8646	849.137	-12.2166	28.6613	943.812	-67.8614	0.899688
502	14.5837	84.6134	-48.1609	4.08545	540.465	48.2574	18.6691	625.079	0.0964916	0.864636
503	13.0091	81.3392	-45.628	2.64366	530.056	40.1386	15.6528	611.395	-5.48934	0.866961
504	11.634	51.04	-28.5435	7.93999	575.949	19.8083	19.574	626.989	-8.73517	0.918595
505	0	0	0	18.7031	643.962	0.275118	18.7031	643.962	0.275118	1
506	0	0	0	22.9471	655.152	-18.2364	22.9471	655.152	-18.2364	1
507	0	0	0	23.0596	631.607	-26.0664	23.0596	631.607	-26.0664	1
508	0	0	0	22.7814	610.2	-21.8468	22.7814	610.2	-21.8468	1
509	0	0	0	21.0077	583.072	-10.2438	21.0077	583.072	-10.2438	1
510	0	0	0	22.7903	581.228	17.7339	22.7903	581.228	17.7339	1
511	0	0	0	27.6186	598.752	46.7883	27.6186	598.752	46.7883	1
512	0	0	0	28.0573	585.707	67.5878	28.0573	585.707	67.5878	1
513	0	0	0	28.6895	571.484	89.197	28.6895	571.484	89.197	1
514	0	0	0	29.7322	556.806	112.719	29.7322	556.806	112.719	1
515	6.53097	354.591	20.5572	-1.68658	514.33	-4.61961	4.84439	868.921	15.9376	0.408082
516	-6.57985	516.381	0.4769	-15.1773	120.896	-80.6435	-21.7571	637.277	-80.1666	0.810293
517	-8.85498	630.302	4.1772	-17.1083	93.6818	-58.822	-25.9633	723.984	-54.6448	0.870602
518	-7.4424	646.999	30.4479	-17.2136	93.8929	-55.7977	-24.656	740.892	-25.3499	0.87327
519	-9.36289	609.665	29.4809	-16.0966	83.3459	-47.7728	-25.4594	693.011	-18.2919	0.879734
520	-2.0014	521.287	45.4637	-13.1913	84.4755	-47.5054	-15.1927	605.763	-2.04172	0.860547
521	-6.90424	578.275	22.6086	-12.1924	62.2277	-34.8078	-19.0967	640.503	-12.1992	0.902846
522	-14.8666	621.27	6.12135	-5.81835	10.4289	-5.81835	-20.685	631.699	0.303008	0.983491
523	-22.4934	658.108	-14.0633	0	0	0	-22.4934	658.108	-14.0633	1
524	-23.0604	637.926	-25.0808	0	0	0	-23.0604	637.926	-25.0808	1
525	-22.8399	615.133	-24.3137	0	0	0	-22.8399	615.133	-24.3137	1
526	-22.1963	594.145	-13.823	0	0	0	-22.1963	594.145	-13.823	1
527	-21.5821	576.957	8.73616	0	0	0	-21.5821	576.957	8.73616	1
528	-27.2603	600.65	41.0637	0	0	0	-27.2603	600.65	41.0637	1
529	-27.9267	589.379	61.6501	0	0	0	-27.9267	589.379	61.6501	1
530	-28.4474	575.213	82.9434	0	0	0	-28.4474	575.213	82.9434	1
531	-29.4951	561.311	106.554	0	0	0	-29.4951	561.311	106.554	1
532	6.78295	739.863	47.487	-34.7716	468.68	-19.0229	-27.9886	1208.54	28.4642	0.387806
533	17.3719	133.864	-90.3052	3.43245	458.008	10.7462	20.8043	591.873	-79.559	0.77383
534	16.8829	98.0841	-62.6785	8.49017	610.715	-0.886041	25.3731	708.8	-63.5645	0.861619
535	17.261	91.761	-55.2326	8.2038	649.919	22.9566	25.4648	741.68	-32.276	0.87628
536	19.0903	82.9462	-47.9442	23.4602	763.355	-20.7029	42.5506	846.301	-68.6471	0.90199
537	13.4628	85.6	-48.3069	1.83834	516.423	50.0373	15.3011	602.023	1.7305	0.857813
538	12.5769	71.4863	-40.009	4.2995	547.549	31.3783	16.8764	619.035	-8.6307	0.88452
539	10.0519	27.7897	-15.5304	11.611	601.612	11.644	21.6629	629.401	-3.8864	0.955847
540	0	0	0	21.6931	658.387	-9.17431	21.6931	658.387	-9.17431	1
541	0	0	0	22.9918	644.086	-23.259	22.9918	644.086	-23.259	1
542	0	0	0	22.9255	620.955	-25.7535	22.9255	620.955	-25.7535	1
543	0	0	0	22.3188	598.995	-17.0904	22.3188	598.995	-17.0904	1
544	0	0	0	20.7704	575.126	0.415735	20.7704	575.126	0.415735	1
545	0	0	0	25.5607	592.116	32.9862	25.5607	592.116	32.9862	1
546	0	0	0	27.8065	593.02	55.8795	27.8065	593.02	55.8795	1
547	0	0	0	28.225	578.808	76.9589	28.225	578.808	76.9589	1
548	0	0	0	29.1243	564.845	99.9631	29.1243	564.845	99.9631	1
549	28.4574	680.242	-84.9719	-26.7517	955.394	170.655	1.70563	1635.64	85.6827	0.415888
550	4.559	387.406	24.0413	-14.0355	208.332	-66.7795	-9.47653	595.738	-42.7381	0.650296
551	-7.77634	583.194	-3.64395	-16.4182	104.717	-68.0891	-24.1946	687.911	-71.733	0.847775
552	-8.70902	647.625	15.4613	-17.246	90.9827	-55.5714	-25.955	738.607	-40.1101	0.876819
553	-48.0572	1315.68	-131.476	-20.1016	87.899	-51.3117	-68.1588	1403.58	-182.787	0.937375
554	-2.58381	522.361	51.5374	-13.959	85.2234	-48.3211	-16.5428	607.584	3.21634	0.859734
555	-3.23762	536.726	36.5826	-12.8543	78.0892	-43.7539	-16.0919	614.815	-7.17129	0.872988
556	-9.09398	584.765	16.7985	-11.0509	42.5064	-23.7696	-20.1448	627.271	-6.9711	0.932236
557	-20.3438	653.529	-3.65597	0	0	0	-20.3438	653.529	-3.65597	1
558	-23.0038	651.339	-20.5712	0	0	0	-23.0038	651.339	-20.5712	1
559	-23.0299	627.299	-26.2432	0	0	0	-23.0299	627.299	-26.2432	1
560	-22.6256	605.881	-19.8476	0	0	0	-22.6256	605.881	-19.8476	1
561	-20.6041	577.346	-6.65789	0	0	0	-20.6041	577.346	-6.65789	1
562	-23.7479	584.921	23.8565	0	0	0	-23.7479	584.921	23.8565	1
563	-27.6989	596.484	50.2927	0	0	0	-27.6989	596.484	50.2927	1
564	-28.1033	582.864	71.3574	0	0	0	-28.1033	582.864	71.3574	1
565	-28.8646	568.883	93.4738	0	0	0	-28.8646	568.883	93.4738	1
566	-29.8852	553.516	116.674	0	0	0	-29.8852	553.516	116.674	1
567	5.74634	381.51	-30.4707	-7.15095	350.532	30.0264	-1.40461	732.042	-0.444282	0.478841
568	15.6716	113.639	-75.0894	6.76827	546.742	-2.82878	22.4398	660.38	-77.9182	0.827919
569	17.1993	91.9404	-57.0726	8.90628	639.391	8.39036	26.1056	731.331	-48.6822	0.874283
570	17.1729	95.8479	-56.5362	6.8152	642.548	35.2744	23.9881	738.396	-21.2618	0.870194
571	14.9991	84.1625	-48.0082	5.35569	556.834	44.3234	20.3548	640.997	-3.68478	0.868701
572	13.0731	82.6155	-46.3776	2.39241	526.922	41.9301	15.4655	609.537	-4.44745	0.864462
573	11.8827	54.9571	-30.7352	7.57068	573.798	21.0034	19.4534	628.755	-9.73186	0.912594
574	0	0	0	17.5849	636.77	2.22421	17.5849	636.77	2.22421	1
575	0	0	0	22.817	656.38	-16.9284	22.817	656.38	-16.9284	1
576	0	0	0	23.0661	633.744	-25.8324	23.0661	633.744	-25.8324	1
577	0	0	0	22.7919	611.734	-22.7966	22.7919	611.734	-22.7966	1
578	0	0	0	21.3942	587.414	-11.5827	21.3942	587.414	-11.5827	1
579	0	0	0	22.3507	579.596	14.6907	22.3507	579.596	14.6907	1
580	0	0	0	27.5564	599.849	44.9798	27.5564	599.849	44.9798	1
581	0	0	0	28.0146	586.922	65.5767	28.0146	586.922	65.5767	1
582	0	0	0	28.606	572.751	87.0874	28.606	572.751	87.0874	1
583	0	0	0	29.6561	558.396	110.702	29.6561	558.396	110.702	1
584	9.34279	372.171	10.8232	-0.768114	586.251	10.1585	8.57468	958.422	20.9817	0.388316
585	-6.64703	498.957	3.15389	-15.2183	124.929	-83.6841	-21.8654	623.886	-80.5302	0.799757
586	-8.77084	624.601	2.29424	-17.0484	94.9057	-59.9389	-25.8193	719.507	-57.6447	0.868096
587	-7.72233	648.506	27.9732	-17.2309	93.0583	-55.5262	-24.9533	741.564	-27.553	0.874511
588	-12.4629	649.045	17.3695	-16.84	83.0124	-47.7081	-29.303	732.057	-30.3386	0.886604
589	-1.91121	518.974	47.145	-13.2639	85.067	-47.8882	-15.1751	604.041	-0.743199	0.85917
590	-5.3147	583.985	23.2686	-12.2168	65.6288	-36.7165	-17.5315	649.614	-13.4479	0.898973
591	-13.6902	614.212	8.01051	-9.21759	16.5768	-9.24481	-22.9078	630.789	-1.2343	0.973721
592	-22.2838	658.549	-12.5096	0	0	0	-22.2838	658.549	-12.5096	1
593	-23.0416	639.969	-24.5654	0	0	0	-23.0416	639.969	-24.5654	1
594	-22.8676	616.991	-24.9025	0	0	0	-22.8676	616.991	-24.9025	1
595	-22.2143	595.592	-14.9647	0	0	0	-22.2143	595.592	-14.9647	1
596	-21.259	576.024	5.86213	0	0	0	-21.259	576.024	5.86213	1
597	-26.8723	599.373	38.7799	0	0	0	-26.8723	599.373	38.7799	1
598	-27.8857	590.619	59.7126	0	0	0	-27.8857	590.619	59.7126	1
599	-28.3702	576.413	80.9137	0	0	0	-28.3702	576.413	80.9137	1
600	-29.3949	562.557	104.4	0	0	0	-29.3949	562.557	104.4	1
601	13.4157	819.113	73.6722	-44.7007	554.018	-34.0533	-31.2849	1373.13	39.6189	0.40347
602	20.455	139.452	-94.3354	-0.545465	433.523	15.4269	19.9095	572.975	-78.9085	0.756618
603	16.7606	100.044	-64.3066	8.29218	602.446	-2.11886	25.0528	702.49	-66.4254	0.857587
604	17.2641	91.3305	-55.2314	8.4032	649.77	20.4399	25.6673	741.101	-34.7916	0.876764
605	20.8165	83.482	-48.4002	34.3381	851.14	-50.1052	55.1545	934.622	-98.5054	0.910678
606	13.591	85.5587	-48.3525	1.95766	516.715	51.0643	15.5487	602.274	2.71188	0.857941
607	12.6848	73.9198	-41.3834	3.92332	543.823	33.0963	16.6081	617.743	-8.28713	0.880339
608	10.4143	32.9661	-18.4297	10.6793	595.709	13.4101	21.0936	628.675	-5.01964	0.947563
609	0	0	0	21.353	657.552	-7.40101	21.353	657.552	-7.40101	1
610	0	0	0	22.9814	646.306	-22.466	22.9814	646.306	-22.466	1
611	0	0	0	22.9611	623.039	-26.0197	22.9611	623.039	-26.0197	1
612	0	0	0	22.4014	601.01	-18.0573	22.4014	601.01	-18.0573	1
613	0	0	0	20.6269	575.278	-2.11444	20.6269	575.278	-2.11444	1
614	0	0	0	24.7403	588.932	29.8947	24.7403	588.932	29.8947	1
615	0	0	0	27.7686	594.192	53.9908	27.7686	594.192	53.9908	1
616	0	0	0	28.1677	580.061	75.0459	28.1677	580.061	75.0459	1
617	0	0	0	29.0353	566.2	97.7935	29.0353	566.2	97.7935	1
618	3.77358	949.995	-134.967	-23.6176	987.566	275.041	-19.8441	1937.56	140.074	0.490304
619	5.7705	370.132	27.3558	-8.99889	264.005	-54.1227	-3.22839	634.137	-26.7669	0.583679
620	-7.44913	572.121	-3.84157	-16.1997	107.434	-70.2454	-23.6488	679.555	-74.087	0.841905
621	-8.81068	645.573	13.0326	-17.2339	91.0933	-55.9314	-26.0446	736.666	-42.8987	0.876344
622	42.1522	2878.52	-545.398	4.74848	94.1374	-55.2944	46.9006	2972.66	-600.692	0.968332
623	-3.19234	529.356	50.5255	-14.2331	84.9797	-48.2724	-17.4254	614.335	2.25308	0.861672
624	-2.93147	533.334	38.3533	-12.93	79.8284	-44.7525	-15.8614	613.162	-6.39912	0.869809
625	-8.44756	579.908	18.3771	-11.3458	46.8927	-26.2235	-19.7933	626.801	-7.84641	0.925187
626	-19.616	649.609	-1.70246	0	0	0	-19.616	649.609	-1.70246	1
627	-23.0326	653.624	-19.4502	0	0	0	-23.0326	653.624	-19.4502	1
628	-23.0524	629.452	-26.204	0	0	0	-23.0524	629.452	-26.204	1
629	-22.7451	608.376	-20.7578	0	0	0	-22.7451	608.376	-20.7578	1
630	-20.7503	579.659	-8.59396	0	0	0	-20.7503	579.659	-8.59396	1
631	-23.26	583.013	20.7963	0	0	0	-23.26	583.013	20.7963	1
632	-27.661	597.617	48.5027	0	0	0	-27.661	597.617	48.5027	1
633	-28.0972	584.368	69.5322	0	0	0	-28.0972	584.368	69.5322	1
634	-28.7786	570.194	91.3285	0	0	0	-28.7786	570.194	91.3285	1
635	-29.8118	555.173	114.71	0	0	0	-29.8118	555.173	114.71	1
636	3.43116	446.063	-17.9863	-6.6638	348.648	26.7438	-3.23264	794.711	8.7575	0.438711
637	15.3897	117.133	-77.7776	6.57924	532.247	-1.49475	21.9689	649.38	-79.2723	0.819623
638	17.1642	92.6954	-57.8681	8.89935	635.22	6.21858	26.0636	727.915	-51.6495	0.872656
639	17.201	94.8296	-56.1384	7.13729	644.999	32.8849	24.3383	739.828	-23.2535	0.871822
640	15.4984	83.6933	-47.8521	7.07269	579.494	38.2298	22.5711	663.188	-9.62227	0.873801
641	13.136	83.6613	-47.0035	2.17297	523.974	43.7131	15.309	607.635	-3.29034	0.862317
642	12.0816	58.6762	-32.8174	7.36398	574.501	21.901	19.4456	633.177	-10.9165	0.90733
643	2.17378	3.89497	-2.17378	16.1635	628.888	4.17853	18.3373	632.783	2.00474	0.993845
644	0	0	0	22.6631	657.375	-15.5365	22.6631	657.375	-15.5365	1
645	0	0	0	23.0634	635.854	-25.5032	23.0634	635.854	-25.5032	1
646	0	0	0	22.8106	613.37	-23.6161	22.8106	613.37	-23.6161	1
647	0	0	0	21.8995	591.717	-12.681	21.8995	591.717	-12.681	1
648	0	0	0	21.9456	578.16	11.6845	21.9456	578.16	11.6845	1
649	0	0	0	27.4523	600.625	43.0906	27.4523	600.625	43.0906	1
650	0	0	0	27.968	588.146	63.604	27.968	588.146	63.604	1
651	0	0	0	28.5237	573.994	85.0011	28.5237	573.994	85.0011	1
652	0	0	0	29.5762	559.913	108.65	29.5762	559.913	108.65	1
653	18.6996	407.77	-2.73002	-2.06058	661.649	27.1256	16.639	1069.42	24.3956	0.381301
654	-5.89011	479.682	6.58003	-15.8059	129.242	-86.9005	-21.696	608.924	-80.3205	0.787753
655	-8.64902	618.089	0.596753	-16.9715	96.372	-61.2234	-25.6205	714.461	-60.6267	0.865112
656	-7.97756	649.491	25.4719	-17.2434	92.3417	-55.3341	-25.2209	741.833	-29.8622	0.875522
657	-16.8287	699.26	1.03653	-17.7923	82.8074	-47.724	-34.621	782.067	-46.6874	0.894117
658	-1.86464	517.274	48.6953	-13.3491	85.438	-48.1532	-15.2137	602.712	0.542145	0.858244
659	-4.16381	572.356	25.8581	-12.3176	68.772	-38.4822	-16.4814	641.128	-12.6241	0.892733
660	-12.6236	607.773	9.84319	-9.64487	22.3263	-12.4689	-22.2685	630.099	-2.62568	0.964567
661	-22.0491	658.663	-10.879	0	0	0	-22.0491	658.663	-10.879	1
662	-23.02	642.002	-23.9584	0	0	0	-23.02	642.002	-23.9584	1
663	-22.8988	618.932	-25.3819	0	0	0	-22.8988	618.932	-25.3819	1
664	-22.2605	597.21	-16.0605	0	0	0	-22.2605	597.21	-16.0605	1
665	-20.9876	575.399	3.08291	0	0	0	-20.9876	575.399	3.08291	1
666	-26.3906	596.339	36.0856	0	0	0	-26.3906	596.339	36.0856	1
667	-27.8493	591.831	57.7894	0	0	0	-27.8493	591.831	57.7894	1
668	-28.2965	577.604	78.918	0	0	0	-28.2965	577.604	78.918	1
669	-29.2681	563.681	102.189	0	0	0	-29.2681	563.681	102.189	1
670	16.5315	893.695	111.427	-20.0318	598.797	-46.6656	-3.50035	1492.49	64.7614	0.401206
671	24.1921	160.912	-89.9651	-3.82578	408.572	19.9951	20.3664	569.485	-69.97	0.717442
672	16.6105	102.254	-66.1093	8.0557	593.282	-3.052	24.6662	