0	0	0	0	27.2868	522.122	85.5984	27.2868	522.122	85.5984	1
1	-4.23337	565.283	-17.8289	84.904	844.978	216.92	80.6706	1410.26	199.091	0.400836
2	14.5748	580.794	-33.6754	-11.8956	427.169	-39.0047	2.6792	1007.96	-72.6801	0.576206
3	-12.5458	495.429	16.3935	-9.58985	97.0619	-69.7944	-22.1357	592.491	-53.4009	0.83618
4	-20.1351	646.864	20.6644	-15.948	92.2958	-64.3172	-36.0831	739.16	-43.6528	0.875134
5	14.1238	856.684	-45.7563	-18.4317	98.0192	-67.0201	-4.30788	954.703	-112.776	0.89733
6	-17.935	833.772	5.25687	-15.4575	82.5907	-55.9511	-33.3926	916.362	-50.6942	0.909871
7	-4.81151	419.562	63.9095	-10.6989	60.8801	-41.0785	-15.5104	480.442	22.8311	0.873283
8	0.207619	346.832	48.4111	-7.48167	54.4525	-36.7347	-7.27405	401.285	11.6764	0.864305
9	-13.4317	631.928	1.646	-6.50226	19.3783	-13.1104	-19.9339	651.306	-11.4644	0.970247
10	-31.0471	819.113	-18.7741	0	0	0	-31.0471	819.113	-18.7741	1
11	-28.3287	706.28	-16.503	0	0	0	-28.3287	706.28	-16.503	1
12	-19.3434	519.797	-11.1442	0	0	0	-19.3434	519.797	-11.1442	1
13	-15.4885	506.187	-4.50062	0	0	0	-15.4885	506.187	-4.50062	1
14	-22.2907	599.287	25.207	0	0	0	-22.2907	599.287	25.207	1
15	-28.7723	644.441	54.6094	0	0	0	-28.7723	644.441	54.6094	1
16	-27.9658	593.455	71.3793	0	0	0	-27.9658	593.455	71.3793	1
17	-25.5875	524.78	84.3394	0	0	0	-25.5875	524.78	84.3394	1
18	-77.2306	809.498	281.393	14.2731	558.779	-41.1276	-62.9576	1368.28	240.266	0.408382
19	18.8856	475.155	-33.9247	-20.3159	602.433	-36.2952	-1.43025	1077.59	-70.2199	0.559057
20	8.68725	98.5492	-71.0225	14.134	491.735	14.0118	22.8213	590.284	-57.0106	0.833048
21	15.761	92.4475	-64.5443	20.2455	641.806	19.2292	36.0065	734.253	-45.3151	0.874093
22	19.1056	98.2107	-67.2238	-26.7293	840.674	-51.8232	-7.62364	938.885	-119.047	0.895396
23	16.0506	83.8151	-56.8158	19.1075	852.249	1.1491	35.1581	936.064	-55.6667	0.91046
24	11.3797	61.4674	-41.4874	5.26417	437.84	62.2308	16.6438	499.308	20.7434	0.876895
25	8.14966	55.4781	-37.4272	-0.699609	338.319	50.7562	7.45005	393.797	13.329	0.85912
26	7.63296	22.9473	-15.5235	12.4073	615.359	3.18123	20.0403	638.306	-12.3422	0.96405
27	0	0	0	31.5339	817.119	-19.0598	31.5339	817.119	-19.0598	1
28	0	0	0	29.4691	717.542	-17.3256	29.4691	717.542	-17.3256	1
29	0	0	0	20.4593	526.824	-11.5499	20.4593	526.824	-11.5499	1
30	0	0	0	16.4035	503.106	-5.7996	16.4035	503.106	-5.7996	1
31	0	0	0	22.8754	594.347	22.5238	22.8754	594.347	22.5238	1
32	0	0	0	30.0388	644.498	52.8042	30.0388	644.498	52.8042	1
33	0	0	0	29.3608	597.884	70.1644	29.3608	597.884	70.1644	1
34	0	0	0	26.7586	527.636	82.9617	26.7586	527.636	82.9617	1
35	-32.211	504.834	-144.661	55.8728	734.279	405.361	23.6618	1239.11	260.7	0.407415
36	31.1141	627.937	-39.6824	-30.2573	544.517	-25.3999	0.85677	1172.45	-65.0823	0.535575
37	-16.1004	475.147	12.7314	-8.34443	100.623	-72.7297	-24.4448	575.769	-59.9983	0.825238
38	-19.2828	630.137	18.4882	-16.1565	92.808	-64.939	-35.4394	722.945	-46.4508	0.871625
39	18.5222	737.009	-7.08087	-19.6733	98.0068	-67.1541	-1.15119	835.016	-74.235	0.882629
40	-18.9231	881.076	-4.50621	-17.1098	85.6277	-58.0725	-36.0329	966.704	-62.5787	0.911423
41	-5.90124	476.06	57.8387	-12.4544	62.4796	-42.1746	-18.3556	538.539	15.6641	0.883983
42	1.45831	327.08	54.792	-8.82119	56.4556	-38.0797	-7.36288	383.536	16.7123	0.852802
43	-9.27091	583.396	7.47548	-8.43324	28.1089	-19.006	-17.7042	611.504	-11.5305	0.954033
44	-29.4908	810.022	-17.9226	0	0	0	-29.4908	810.022	-17.9226	1
45	-29.0967	736.935	-17.816	0	0	0	-29.0967	736.935	-17.816	1
46	-20.6316	540.351	-11.7607	0	0	0	-20.6316	540.351	-11.7607	1
47	-16.0114	496.94	-6.95753	0	0	0	-16.0114	496.94	-6.95753	1
48	-21.271	584.233	19.3027	0	0	0	-21.271	584.233	19.3027	1
49	-29.1823	643.874	50.9959	0	0	0	-29.1823	643.874	50.9959	1
50	-28.8846	605.135	69.1856	0	0	0	-28.8846	605.135	69.1856	1
51	-26.233	531.592	81.6208	0	0	0	-26.233	531.592	81.6208	1
52	-5.80608	728.424	371.812	47.0202	200.302	-231.251	41.2141	928.725	140.561	0.215674
53	43.9883	603.559	-18.7324	-42.2528	647.2	-40.5708	1.73554	1250.76	-59.3032	0.517446
54	6.40883	103.799	-75.236	18.0512	465.786	9.22791	24.46	569.584	-66.0081	0.817764
55	14.7993	93.1288	-65.3224	19.4632	619.16	17.5251	34.2625	712.289	-47.7973	0.869254
56	18.3872	97.0161	-66.5629	-16.5892	724.547	-21.1039	1.79801	821.563	-87.6668	0.881913
57	16.3351	86.2703	-58.5481	20.2152	900.411	-9.18631	36.5503	986.681	-67.7344	0.912565
58	11.8917	63.466	-42.8536	8.32861	506.373	54.1105	20.2203	569.839	11.2569	0.888625
59	8.02539	57.5292	-38.8042	-0.53451	319.754	57.8541	7.49088	377.284	19.0498	0.847517
60	7.44423	32.4912	-21.9666	8.81265	558.292	10.6744	16.2569	590.783	-11.2922	0.945003
61	0	0	0	29.8531	801.654	-17.4374	29.8531	801.654	-17.4374	1
62	0	0	0	30.3376	750.577	-18.7939	30.3376	750.577	-18.7939	1
63	0	0	0	21.8406	552.952	-12.5801	21.8406	552.952	-12.5801	1
64	0	0	0	16.5983	494.498	-8.3081	16.5983	494.498	-8.3081	1
65	0	0	0	20.6465	576.917	15.791	20.6465	576.917	15.791	1
66	0	0	0	29.1852	641.999	48.4071	29.1852	641.999	48.4071	1
67	0	0	0	29.191	610.792	67.3678	29.191	610.792	67.3678	1
68	0	0	0	26.6726	537.055	80.047	26.6726	537.055	80.047	1
69	0	0	0	26.8302	514.901	101.043	26.8302	514.901	101.043	1
70	54.767	643.017	-35.2503	-58.9022	657.005	-12.8179	-4.13525	1300.02	-48.0682	0.49462
71	-17.5081	456.776	5.30904	-7.6885	108.739	-79.0374	-25.1966	565.515	-73.7283	0.807716
72	-18.2608	605.84	16.8278	-15.3453	93.4651	-65.7469	-33.6061	699.306	-48.9192	0.866346
73	-16.4242	671.048	32.4983	-18.6518	95.7835	-65.8227	-35.076	766.831	-33.3245	0.875092
74	-20.5709	914.461	-12.676	-17.0855	86.4072	-58.6879	-37.6565	1000.87	-71.3639	0.913668
75	-9.18904	548.335	49.067	-13.182	64.8238	-43.783	-22.371	613.159	5.28399	0.894279
76	1.20409	316.572	61.0416	-9.13846	58.0979	-39.185	-7.93437	374.669	21.8566	0.844936
77	-6.09277	526.403	15.2399	-8.64381	36.7046	-24.8041	-14.7366	563.108	-9.56427	0.934818
78	-27.7359	788.95	-16.0363	0	0	0	-27.7359	788.95	-16.0363	1
79	-30.2789	767.361	-19.223	0	0	0	-30.2789	767.361	-19.223	1
80	-22.4714	569.387	-12.81	0	0	0	-22.4714	569.387	-12.81	1
81	-16.7952	490.656	-9.00949	0	0	0	-16.7952	490.656	-9.00949	1
82	-19.8288	566.564	12.6581	0	0	0	-19.8288	566.564	12.6581	1
83	-29.0339	639.509	46.1259	0	0	0	-29.0339	639.509	46.1259	1
84	-29.4672	617.373	66.1222	0	0	0	-29.4672	617.373	66.1222	1
85	-26.949	542.346	78.8378	0	0	0	-26.949	542.346	78.8378	1
86	-26.5796	513.445	98.5834	0	0	0	-26.5796	513.445	98.5834	1
87	73.3498	704.477	-5.37446	-67.2908	622.232	-31.9084	6.05903	1326.71	-37.2829	0.469004
88	8.24967	115.505	-84.1432	14.9379	453.381	0.605785	23.1876	568.886	-83.5374	0.796962
89	14.5034	93.6768	-66.0743	16.4494	591.117	16.597	30.9528	684.794	-49.4773	0.863204
90	17.9047	94.6386	-65.1363	17.3967	670.425	30.6626	35.3014	765.064	-34.4737	0.8763
91	16.3535	86.889	-59.0615	20.8849	923.177	-15.9444	37.2383	1010.07	-75.0059	0.913977
92	13.0116	66.3549	-44.832	11.3128	582.96	45.7422	24.3244	649.315	0.910197	0.897808
93	8.78518	58.7376	-39.6171	-0.44708	316.314	63.4966	8.3381	375.051	23.8794	0.843388
94	8.01001	40.4017	-27.2963	5.13374	500.057	19.2212	13.1438	540.458	-8.07507	0.925246
95	0	0	0	26.7106	775.171	-14.6988	26.7106	775.171	-14.6988	1
96	0	0	0	30.7421	779.024	-19.7057	30.7421	779.024	-19.7057	1
97	0	0	0	23.3374	584.787	-13.3491	23.3374	584.787	-13.3491	1
98	0	0	0	16.9568	490.058	-9.67198	16.9568	490.058	-9.67198	1
99	0	0	0	18.8785	558.315	9.57458	18.8785	558.315	9.57458	1
100	0	0	0	28.2961	635.706	43.4844	28.2961	635.706	43.4844	1
101	0	0	0	29.2783	622.092	64.4455	29.2783	622.092	64.4455	1
102	0	0	0	26.9769	548.44	77.5771	26.9769	548.44	77.5771	1
103	0	0	0	26.342	513.855	96.3301	26.342	513.855	96.3301	1
104	50.8358	587.309	-29.0438	-81.4259	748.512	4.65384	-30.59	1335.82	-24.39	0.439662
105	-10.7034	456.243	-4.45763	-10.9764	125.484	-91.5749	-21.6798	581.727	-96.0325	0.78429
106	-14.5826	574.608	16.5838	-14.3297	93.8027	-66.3552	-28.9123	668.411	-49.7714	0.859663
107	-18.3302	669.341	28.8107	-17.9107	93.6329	-64.5553	-36.2408	762.974	-35.7447	0.877279
108	-21.1539	922.357	-18.2597	-16.1898	87.9862	-59.8604	-37.3436	1010.34	-78.1202	0.912915
109	-13.8357	628.428	38.9738	-13.6324	68.5481	-46.3318	-27.4682	696.976	-7.35795	0.901649
110	0.182067	322.824	65.439	-9.36447	59.0191	-39.8074	-9.1824	381.843	25.6315	0.845436
111	-3.48943	468.537	24.0927	-8.32168	43.4836	-29.369	-11.8111	512.021	-5.27622	0.915075
112	-24.7449	756.722	-12.941	0	0	0	-24.7449	756.722	-12.941	1
113	-31.0883	792.781	-20.1662	0	0	0	-31.0883	792.781	-20.1662	1
114	-24.347	604.034	-13.8087	0	0	0	-24.347	604.034	-13.8087	1
115	-17.1994	489.215	-10.0936	0	0	0	-17.1994	489.215	-10.0936	1
116	-18.2142	547.484	6.60613	0	0	0	-18.2142	547.484	6.60613	1
117	-27.7987	631.537	40.8896	0	0	0	-27.7987	631.537	40.8896	1
118	-29.6162	627.996	63.0405	0	0	0	-29.6162	627.996	63.0405	1
119	-27.4096	554.92	76.4939	0	0	0	-27.4096	554.92	76.4939	1
120	-26.3041	513.367	94.0051	0	0	0	-26.3041	513.367	94.0051	1
121	75.9326	792.031	21.0243	-49.0919	567.97	-23.811	26.8407	1360	-2.7867	0.417625
122	15.4341	136.585	-85.0998	5.78994	468.203	-10.0858	21.2241	604.788	-95.1856	0.774161
123	13.883	93.9512	-66.6567	12.8008	558.861	16.584	26.6838	652.812	-50.0727	0.856082
124	17.6542	92.8482	-64.1293	19.0092	667.388	26.9995	36.6634	760.236	-37.1299	0.877869
125	16.0439	89.6161	-61.0231	19.5594	918.306	-21.1174	35.6033	1007.92	-82.1405	0.911088
126	13.9525	70.8058	-47.8758	13.9489	666.711	33.208	27.9014	737.517	-14.6677	0.903994
127	9.58874	59.6049	-40.2041	0.345747	330.298	66.8102	9.93448	389.903	26.6061	0.847129
128	8.25208	46.5552	-31.4356	2.36797	444.136	28.3091	10.62	490.692	-3.12648	0.905123
129	0	0	0	22.8357	738.795	-11.0023	22.8357	738.795	-11.0023	1
130	0	0	0	31.1889	801.008	-20.2349	31.1889	801.008	-20.2349	1
131	0	0	0	25.1111	621.195	-14.2697	25.1111	621.195	-14.2697	1
132	0	0	0	17.4294	491.939	-10.4393	17.4294	491.939	-10.4393	1
133	0	0	0	17.5435	539.662	3.95927	17.5435	539.662	3.95927	1
134	0	0	0	26.8478	626.482	38.1524	26.8478	626.482	38.1524	1
135	0	0	0	29.5348	631.487	61.308	29.5348	631.487	61.308	1
136	0	0	0	27.5675	561.686	75.3595	27.5675	561.686	75.3595	1
137	0	0	0	26.1597	514.883	91.956	26.1597	514.883	91.956	1
138	42.6397	552.214	-19.7805	-48.5178	831.308	45.8223	-5.87814	1383.52	26.0418	0.399137
139	-2.97584	486.474	-15.711	-6.19799	179.377	-82.0361	-9.17383	665.851	-97.7471	0.730605
140	-11.5781	543.414	16.7097	-13.2501	94.1844	-67.0266	-24.8283	637.599	-50.3169	0.852283
141	-19.5705	664.626	25.271	-17.3671	92.2946	-63.8702	-36.9376	756.92	-38.5992	0.878066
142	-17.1268	906.926	-24.4713	-16.2706	92.2937	-62.9056	-33.3973	999.22	-87.3769	0.907634
143	-15.1449	709.849	26.2839	-14.3505	73.7059	-49.8593	-29.4954	783.555	-23.5754	0.905934
144	-1.13424	346.109	67.311	-9.96399	59.7289	-40.2906	-11.0982	405.838	27.0204	0.852826
145	-1.33013	416.041	33.2916	-8.20923	48.7495	-32.9091	-9.53936	464.791	0.382476	0.895115
146	-20.5293	715.742	-8.62886	0	0	0	-20.5293	715.742	-8.62886	1
147	-31.3866	810.247	-20.3754	0	0	0	-31.3866	810.247	-20.3754	1
148	-26.081	641.899	-14.8345	0	0	0	-26.081	641.899	-14.8345	1
149	-17.8007	495	-10.7096	0	0	0	-17.8007	495	-10.7096	1
150	-16.9294	529.604	1.47282	0	0	0	-16.9294	529.604	1.47282	1
151	-25.9166	620.928	35.3016	0	0	0	-25.9166	620.928	35.3016	1
152	-29.6468	636.096	59.8512	0	0	0	-29.6468	636.096	59.8512	1
153	-27.885	568.956	74.4358	0	0	0	-27.885	568.956	74.4358	1
154	-26.0991	515.623	89.9095	0	0	0	-26.0991	515.623	89.9095	1
155	8.77099	861.356	82.03	-32.0356	547.555	-17.1576	-23.2646	1408.91	64.8724	0.388637
156	0.0304259	248.277	-68.9678	-0.325324	513.065	-22.1387	-0.294898	761.342	-91.1064	0.673896
157	12.4769	94.5571	-67.4979	10.9839	529.465	16.6526	23.4609	624.023	-50.8454	0.848472
158	17.102	92.0196	-63.8062	19.9563	660.66	23.5828	37.0582	752.679	-40.2234	0.877744
159	16.9176	94.7519	-64.6411	11.4104	894.955	-29.4465	28.328	989.707	-94.0877	0.904263
160	14.7862	76.4484	-51.7369	16.1416	747.884	19.7432	30.9278	824.333	-31.9937	0.90726
161	10.3239	60.4052	-40.7501	1.78485	361.275	67.2963	12.1087	421.681	26.5461	0.856751
162	8.20491	51.1588	-34.5283	0.513739	394.518	37.5511	8.71865	445.677	3.02277	0.885211
163	3.57307	5.28088	-3.57307	18.2904	694.351	-6.24415	21.8635	699.632	-9.81722	0.992452
164	0	0	0	31.4299	814.8	-20.2031	31.4299	814.8	-20.2031	1
165	0	0	0	26.8451	659.813	-15.3901	26.8451	659.813	-15.3901	1
166	0	0	0	18.271	500.812	-10.9568	18.271	500.812	-10.9568	1
167	0	0	0	16.5483	522.906	-0.710137	16.5483	522.906	-0.710137	1
168	0	0	0	25.0407	615.171	32.1855	25.0407	615.171	32.1855	1
169	0	0	0	29.6423	638.539	58.0414	29.6423	638.539	58.0414	1
170	0	0	0	28.1505	575.999	73.3077	28.1505	575.999	73.3077	1
171	0	0	0	26.1318	518.206	88.0211	26.1318	518.206	88.0211	1
172	18.0153	554.915	-14.4325	38.4507	873.391	131.691	56.466	1428.31	117.259	0.388512
173	4.74351	543.038	-27.9136	-3.36305	324.366	-52.8953	1.38046	867.404	-80.8089	0.62605
174	-11.1158	516.771	16.2437	-11.4445	95.3373	-68.2724	-22.5603	612.108	-52.0287	0.844248
175	-20.1086	655.735	21.9567	-16.7788	91.9874	-63.9224	-36.8875	747.723	-41.9657	0.876977
176	-3.1445	872.412	-36.9139	-17.9003	96.8484	-66.1391	-21.0448	969.261	-103.053	0.90008
177	-17.0047	787.166	12.8954	-15.3157	79.514	-53.8392	-32.3204	866.68	-40.9437	0.908255
178	-2.92991	385.976	66.1935	-10.7775	60.5446	-40.8494	-13.7074	446.521	25.3441	0.864408
179	0.170152	371.336	42.492	-8.21544	52.6299	-35.5145	-8.04529	423.966	6.9775	0.875863
180	-15.9461	667.194	-3.22592	-7.17164	11.6416	-7.8743	-23.1178	678.835	-11.1002	0.982851
181	-31.3484	818.86	-20.0762	0	0	0	-31.3484	818.86	-20.0762	1
182	-27.6755	681.057	-16.1014	0	0	0	-27.6755	681.057	-16.1014	1
183	-18.8192	507.785	-11.1719	0	0	0	-18.8192	507.785	-11.1719	1
184	-16.1583	514.245	-2.70651	0	0	0	-16.1583	514.245	-2.70651	1
185	-24.1532	608.217	28.97	0	0	0	-24.1532	608.217	28.97	1
186	-29.6576	641.853	56.4471	0	0	0	-29.6576	641.853	56.4471	1
187	-28.4413	583.729	72.3833	0	0	0	-28.4413	583.729	72.3833	1
188	-26.1359	520.254	86.1856	0	0	0	-26.1359	520.254	86.1856	1
189	-74.2378	858.445	192.787	-0.599295	567.505	-16.3894	-74.8371	1425.95	176.397	0.397984
190	9.55964	401.56	-42.0812	-10.6325	576.021	-33.4314	-1.07289	977.581	-75.5126	0.589231
191	10.1689	96.4934	-69.3174	12.2649	504.715	15.3564	22.4338	601.208	-53.961	0.839501
192	16.3791	92.1528	-64.1789	20.1872	649.314	20.4424	36.5662	741.467	-43.7366	0.875715
193	18.7551	98.058	-67.0353	-9.76103	861.102	-45.1125	8.9941	959.16	-112.148	0.897767
194	15.7747	82.0749	-55.6015	17.8594	820.826	6.65351	33.6341	902.901	-48.948	0.909099
195	11.1369	61.2771	-41.3495	3.60996	408.68	64.4903	14.7469	469.957	23.1408	0.869611
196	8.22147	54.4647	-36.7473	-0.6242	354.611	46.4906	7.59727	409.076	9.74327	0.866859
197	7.47268	17.5709	-11.8874	13.9772	643.097	-0.301848	21.4498	660.668	-12.1893	0.973404
198	0	0	0	31.3508	818.552	-19.6215	31.3508	818.552	-19.6215	1
199	0	0	0	28.3093	698.392	-16.7212	28.3093	698.392	-16.7212	1
200	0	0	0	19.4342	516.706	-11.3921	19.4342	516.706	-11.3921	1
201	0	0	0	16.0688	509.161	-4.39624	16.0688	509.161	-4.39624	1
202	0	0	0	23.3282	601.521	25.6915	23.3282	601.521	25.6915	1
203	0	0	0	29.5849	642.864	54.5195	29.5849	642.864	54.5195	1
204	0	0	0	28.649	590.573	71.1861	28.649	590.573	71.1861	1
205	0	0	0	26.2316	523.961	84.5084	26.2316	523.961	84.5084	1
206	-11.683	559.454	-43.5517	80.4992	811.317	281.284	68.8162	1370.77	237.732	0.408131
207	18.6087	605.62	-37.143	-18.926	476.364	-33.2704	-0.317385	1081.98	-70.4133	0.559731
208	-14.1489	492.179	13.8923	-8.89896	98.323	-70.8555	-23.0479	590.502	-56.9632	0.833492
209	-20.045	641.353	19.1099	-16.0156	92.4563	-64.5432	-36.0606	733.809	-45.4333	0.874005
210	27.0784	837.29	-51.8531	-19.3249	98.3787	-67.3331	7.7535	935.668	-119.186	0.894857
211	-18.5475	853.008	0.663363	-16.3019	84.2729	-57.1239	-34.8495	937.281	-56.4605	0.910088
212	-5.15296	441.389	61.7212	-11.6254	61.7195	-41.656	-16.7784	503.109	20.0653	0.877324
213	0.929129	338.323	50.8694	-8.3172	55.3922	-37.3684	-7.38807	393.716	13.501	0.859309
214	-11.7955	612.913	3.37278	-7.76606	22.9611	-15.5314	-19.5616	635.874	-12.1587	0.96389
215	-30.8264	816.274	-19.1369	0	0	0	-30.8264	816.274	-19.1369	1
216	-28.9844	718.763	-17.4928	0	0	0	-28.9844	718.763	-17.4928	1
217	-20.1389	527.532	-11.649	0	0	0	-20.1389	527.532	-11.649	1
218	-16.0246	502.111	-5.91726	0	0	0	-16.0246	502.111	-5.91726	1
219	-22.3831	593.071	22.3726	0	0	0	-22.3831	593.071	22.3726	1
220	-29.5221	644.3	52.7371	0	0	0	-29.5221	644.3	52.7371	1
221	-28.8723	598.208	70.18	0	0	0	-28.8723	598.208	70.18	1
222	-26.3149	527.339	82.9185	0	0	0	-26.3149	527.339	82.9185	1
223	-54.7427	733.578	405.779	30.1443	497.774	-157.74	-24.5984	1231.35	248.038	0.40425
224	30.6838	544.401	-25.6754	-29.0637	630.468	-39.3619	1.62004	1174.87	-65.0373	0.536629
225	7.71105	100.765	-72.8358	16.3768	479.54	11.6869	24.0878	580.305	-61.1489	0.826358
226	15.601	92.8202	-64.9536	19.8604	631.57	18.0132	35.4615	724.39	-46.9405	0.871864
227	19.208	97.987	-67.1473	-18.1949	739.453	-5.71657	1.01311	837.44	-72.8639	0.882992
228	16.6114	85.5611	-58.0316	19.3289	879.102	-4.61818	35.9403	964.663	-62.6498	0.911305
229	11.969	62.5263	-42.2091	6.13903	471.001	58.1734	18.108	533.527	15.9643	0.882806
230	8.37639	56.7275	-38.2658	-1.05715	327.638	54.4276	7.31924	384.365	16.1619	0.852413
231	7.92924	28.0358	-18.9593	10.0294	587.017	6.80395	17.9586	615.052	-12.1553	0.954417
232	0	0	0	30.2009	810.34	-18.3297	30.2009	810.34	-18.3297	1
233	0	0	0	29.4859	734.431	-18.092	29.4859	734.431	-18.092	1
234	0	0	0	20.8688	539.413	-12.043	20.8688	539.413	-12.043	1
235	0	0	0	16.2656	498.496	-7.17994	16.2656	498.496	-7.17994	1
236	0	0	0	21.5308	585.492	19.0803	21.5308	585.492	19.0803	1
237	0	0	0	29.381	643.376	50.626	29.381	643.376	50.626	1
238	0	0	0	29.0155	604.419	68.7859	29.0155	604.419	68.7859	1
239	0	0	0	26.473	532.102	81.435	26.473	532.102	81.435	1
240	-51.5893	190.969	-220.516	5.0493	729.085	371.533	-46.54	920.054	151.017	0.207563
241	42.5193	643.582	-38.2646	-44.5166	604.738	-19.0297	-1.99738	1248.32	-57.2943	0.515558
242	-17.7685	467.04	8.8017	-7.12463	104.163	-75.5118	-24.8932	571.203	-66.7101	0.817643
243	-19.2826	619.813	17.2386	-15.2943	93.1821	-65.3751	-34.5769	712.995	-48.1365	0.869309
244	16.7571	725.041	-21.2106	-18.8844	96.972	-66.543	-2.12728	822.013	-87.7536	0.882031
245	-19.9446	900.307	-9.06366	-16.8185	86.185	-58.4952	-36.7631	986.492	-67.5588	0.912635
246	-7.6857	510.331	53.7387	-12.4401	63.5172	-42.8893	-20.1258	573.848	10.8494	0.889314
247	1.02726	319.749	58.0654	-8.58634	57.3029	-38.6512	-7.55908	377.052	19.4142	0.848024
248	-8.06676	555.205	11.0543	-8.10871	32.4863	-21.9617	-16.1755	587.692	-10.9074	0.944722
249	-29.1737	801.131	-17.3774	0	0	0	-29.1737	801.131	-17.3774	1
250	-30.0059	752.665	-18.8089	0	0	0	-30.0059	752.665	-18.8089	1
251	-21.6779	553.919	-12.4971	0	0	0	-21.6779	553.919	-12.4971	1
252	-16.4775	493.253	-8.26376	0	0	0	-16.4775	493.253	-8.26376	1
253	-20.5756	575.745	15.7881	0	0	0	-20.5756	575.745	15.7881	1
254	-29.1991	642.362	48.5124	0	0	0	-29.1991	642.362	48.5124	1
255	-29.2264	611.523	67.5409	0	0	0	-29.2264	611.523	67.5409	1
256	-26.6365	536.791	80.0816	0	0	0	-26.6365	536.791	80.0816	1
257	-26.6815	514.133	100.968	0	0	0	-26.6815	514.133	100.968	1
258	59.2492	657.169	-12.7221	-57.4041	643.057	-35.4258	1.84507	1300.23	-48.1479	0.494573
259	7.19006	108.721	-79.0228	17.5358	457.713	5.04756	24.7259	566.434	-73.9752	0.808061
260	14.9421	93.4735	-65.7512	18.3496	606.225	16.7838	33.2916	699.699	-48.9674	0.866409
261	18.2464	95.7841	-65.8225	16.4792	670.862	32.5065	34.7256	766.646	-33.316	0.875061
262	16.7515	86.4479	-58.7155	20.4952	915.129	-12.9118	37.2468	1001.58	-71.6273	0.913688
263	12.7813	64.7396	-43.7267	10.4215	543.895	50.9062	23.2028	608.634	7.17957	0.893631
264	8.71164	58.2029	-39.2569	-0.87909	316.059	60.9477	7.83255	374.262	21.6907	0.844486
265	8.16195	36.723	-24.8183	6.54149	528.742	14.9092	14.7034	565.465	-9.90911	0.935057
266	0	0	0	28.1057	789.619	-16.1601	28.1057	789.619	-16.1601	1
267	0	0	0	30.3854	765.807	-19.2675	30.3854	765.807	-19.2675	1
268	0	0	0	22.4839	568.451	-12.9141	22.4839	568.451	-12.9141	1
269	0	0	0	16.7901	491.506	-9.08338	16.7901	491.506	-9.08338	1
270	0	0	0	19.771	567.542	12.6263	19.771	567.542	12.6263	1
271	0	0	0	28.8866	639.309	46.0154	28.8866	639.309	46.0154	1
272	0	0	0	29.2986	616.775	65.9482	29.2986	616.775	65.9482	1
273	0	0	0	26.8456	542.497	78.7698	26.8456	542.497	78.7698	1
274	0	0	0	26.562	514.066	98.6186	26.562	514.066	98.6186	1
275	66.5959	621.033	-31.6134	-73.2792	704.44	-5.57577	-6.68327	1325.47	-37.1891	0.468537
276	-14.9242	453.051	0.678199	-8.50306	115.561	-84.1859	-23.4273	568.612	-83.5077	0.796767
277	-16.6205	590.93	16.5847	-14.6668	93.6801	-66.0802	-31.2873	684.61	-49.4955	0.863163
278	-17.4245	670.557	30.6408	-18.0868	94.6275	-65.1313	-35.5113	765.185	-34.4905	0.876334
279	-21.0835	922	-15.7101	-16.4731	86.9377	-59.0966	-37.5566	1008.94	-74.8067	0.913832
280	-11.3436	589.069	43.6536	-13.2181	66.4818	-44.9187	-24.5617	655.551	-1.26509	0.898586
281	0.568621	317.517	63.5291	-9.03317	58.5615	-39.4982	-8.46455	376.078	24.031	0.844284
282	-4.87412	496.961	19.5977	-8.24672	40.2411	-27.187	-13.1208	537.202	-7.58923	0.925091
283	-26.4933	774.059	-14.6643	0	0	0	-26.4933	774.059	-14.6643	1
284	-30.7618	780.99	-19.8121	0	0	0	-30.7618	780.99	-19.8121	1
285	-23.4036	586.122	-13.3466	0	0	0	-23.4036	586.122	-13.3466	1
286	-16.9638	489.018	-9.66708	0	0	0	-16.9638	489.018	-9.66708	1
287	-18.8955	556.991	9.52779	0	0	0	-18.8955	556.991	9.52779	1
288	-28.4111	635.962	43.536	0	0	0	-28.4111	635.962	43.536	1
289	-29.4404	622.999	64.6007	0	0	0	-29.4404	622.999	64.6007	1
290	-27.079	548.399	77.6254	0	0	0	-27.079	548.399	77.6254	1
291	-26.3675	513.12	96.2456	0	0	0	-26.3675	513.12	96.2456	1
292	81.4425	748.533	4.80767	-50.9799	587.779	-29.1701	30.4625	1336.31	-24.3624	0.439851
293	10.87	125.477	-91.5679	10.6776	456.402	-4.47584	21.5476	581.879	-96.0438	0.784359
294	14.2802	93.8049	-66.3551	14.5154	574.861	16.5545	28.7956	668.666	-49.8006	0.859713
295	17.8437	93.6422	-64.5602	18.3053	669.323	28.8078	36.149	762.966	-35.7524	0.877265
296	16.1755	87.8423	-59.7611	20.6716	923.613	-18.4725	36.8471	1011.46	-78.2336	0.913153
297	13.5361	68.3924	-46.2255	12.6829	624.812	39.6845	26.219	693.205	-6.54103	0.901339
298	9.23332	59.1858	-39.9199	-0.162673	321.279	65.4767	9.07064	380.465	25.5568	0.844438
299	8.227	43.681	-29.5028	3.62469	471.356	23.7416	11.8517	515.037	-5.76122	0.915189
300	0	0	0	24.8727	758.003	-12.9794	24.8727	758.003	-12.9794	1
301	0	0	0	31.0276	791.082	-20.0366	31.0276	791.082	-20.0366	1
302	0	0	0	24.2556	602.677	-13.7748	24.2556	602.677	-13.7748	1
303	0	0	0	17.1881	490.066	-10.0826	17.1881	490.066	-10.0826	1
304	0	0	0	18.2199	548.767	6.66216	18.2199	548.767	6.66216	1
305	0	0	0	27.7242	631.389	40.8633	27.7242	631.389	40.8633	1
306	0	0	0	29.4884	627.127	62.9088	29.4884	627.127	62.9088	1
307	0	0	0	27.3245	554.869	76.4445	27.3245	554.869	76.4445	1
308	0	0	0	26.2797	514.031	94.0828	26.2797	514.031	94.0828	1
309	49.1023	568.279	-23.839	-76.0881	791.65	20.8935	-26.9857	1359.93	-2.94553	0.417874
310	-5.863	467.303	-9.82629	-15.4102	136.536	-85.167	-21.2732	603.838	-94.9933	0.773887
311	-12.8264	558.662	16.6396	-13.8825	93.9514	-66.6573	-26.7089	652.613	-50.0177	0.856038
312	-19.0156	667.444	27.0205	-17.6577	92.84	-64.124	-36.6733	760.284	-37.1035	0.877888
313	-20.0304	916.981	-20.9026	-16.0349	89.8081	-61.1543	-36.0653	1006.79	-82.0569	0.910797
314	-13.9959	668.685	32.9669	-13.9746	70.977	-47.9923	-27.9704	739.662	-15.0254	0.904041
315	-0.410218	332.356	66.7211	-9.63825	59.3839	-40.055	-10.0485	391.74	26.6661	0.84841
316	-2.31751	441.499	28.6789	-8.25451	46.3061	-31.267	-10.572	487.805	-2.5881	0.905073
317	-22.7457	737.231	-10.8965	0	0	0	-22.7457	737.231	-10.8965	1
318	-31.2488	802.505	-20.3303	0	0	0	-31.2488	802.505	-20.3303	1
319	-25.2027	622.662	-14.2922	0	0	0	-25.2027	622.662	-14.2922	1
320	-17.428	491.222	-10.4304	0	0	0	-17.428	491.222	-10.4304	1
321	-17.494	538.295	3.92942	0	0	0	-17.494	538.295	3.92942	1
322	-26.8578	626.459	38.2032	0	0	0	-26.8578	626.459	38.2032	1
323	-29.6027	632.313	61.4731	0	0	0	-29.6027	632.313	61.4731	1
324	-27.6069	561.786	75.4556	0	0	0	-27.6069	561.786	75.4556	1
325	-26.1449	514.187	91.9156	0	0	0	-26.1449	514.187	91.9156	1
326	48.6078	831.069	45.9143	-42.7119	552.962	-19.956	5.89598	1384.03	25.9583	0.39953
327	6.15523	179.111	-82.0085	3.02957	487.072	-15.8982	9.1848	666.183	-97.9066	0.731138
328	13.2618	94.1568	-67.004	11.6171	543.5	16.7062	24.8789	637.656	-50.2978	0.852339
329	17.3738	92.3042	-63.8744	19.589	664.535	25.2682	36.9628	756.839	-38.6062	0.87804
330	16.2207	92.1184	-62.7846	16.9172	908.317	-24.4909	33.1379	1000.44	-87.2756	0.907922
331	14.3248	73.5328	-49.741	15.1368	707.943	26.5268	29.4617	781.476	-23.2141	0.905905
332	9.92074	59.994	-40.4692	1.04052	343.7	67.4421	10.9613	403.694	26.9729	0.851387
333	8.20372	49.0257	-33.0957	1.37752	418.285	32.9415	9.58125	467.31	-0.154281	0.89509
334	0	0	0	20.6606	717.514	-8.76666	20.6606	717.514	-8.76666	1
335	0	0	0	31.3874	809.059	-20.2864	31.3874	809.059	-20.2864	1
336	0	0	0	26.0219	640.362	-14.7986	26.0219	640.362	-14.7986	1
337	0	0	0	17.8137	495.458	-10.7179	17.8137	495.458	-10.7179	1
338	0	0	0	16.9993	530.92	1.50204	16.9993	530.92	1.50204	1
339	0	0	0	25.9445	621.092	35.2705	25.9445	621.092	35.2705	1
340	0	0	0	29.6159	635.318	59.7069	29.6159	635.318	59.7069	1
341	0	0	0	27.8692	568.735	74.3361	27.8692	568.735	74.3361	1
342	0	0	0	26.1339	516.217	89.9435	26.1339	516.217	89.9435	1
343	31.9741	546.969	-17.0413	-8.63582	861.608	81.9681	23.3383	1408.58	64.9268	0.388313
344	0.338096	512.47	-21.9184	-0.114235	248.638	-68.7258	0.223861	761.108	-90.6441	0.673321
345	-10.9529	529.488	16.6366	-12.4985	94.5974	-67.5293	-23.4515	624.085	-50.8927	0.848422
346	-19.9259	660.751	23.5774	-17.1233	92.0208	-63.8092	-37.0492	752.772	-40.2318	0.877757
347	-11.2978	893.385	-29.6522	-16.9975	94.8457	-64.7065	-28.2953	988.23	-94.3587	0.904025
348	-16.1239	749.533	19.535	-14.8314	76.6269	-51.8587	-30.9553	826.16	-32.3238	0.907249
349	-1.9498	364.035	67.1508	-10.3784	60.1072	-40.5493	-12.3282	424.142	26.6014	0.858285
350	-0.468111	392.386	37.9043	-8.22415	50.851	-34.3203	-8.69227	443.237	3.58394	0.885274
351	-18.1401	692.283	-6.07955	-3.57196	5.27927	-3.57196	-21.7121	697.562	-9.65151	0.992432
352	-31.4118	815.847	-20.3011	0	0	0	-31.4118	815.847	-20.3011	1
353	-26.9054	661.52	-15.4445	0	0	0	-26.9054	661.52	-15.4445	1
354	-18.2646	500.501	-10.9532	0	0	0	-18.2646	500.501	-10.9532	1
355	-16.4774	521.508	-0.746301	0	0	0	-16.4774	521.508	-0.746301	1
356	-25.0075	614.871	32.1989	0	0	0	-25.0075	614.871	32.1989	1
357	-29.674	639.331	58.1773	0	0	0	-29.674	639.331	58.1773	1
358	-28.1728	576.316	73.415	0	0	0	-28.1728	576.316	73.415	1
359	-26.0999	517.624	87.9868	0	0	0	-26.0999	517.624	87.9868	1
360	-38.3041	873.106	131.724	-18.0901	555.518	-14.5368	-56.3942	1428.62	117.187	0.388848
361	3.26128	324.206	-52.8839	-4.71593	543.645	-28.123	-1.45465	867.851	-81.0069	0.626427
362	11.4134	95.3048	-68.247	11.1499	516.891	16.2287	22.5633	612.195	-52.0183	0.844323
363	16.7492	91.988	-63.9209	20.1466	655.695	21.9498	36.8958	747.683	-41.9711	0.876969
364	17.8679	96.8453	-66.1358	2.58024	878.905	-35.7096	20.4482	975.75	-101.845	0.900748
365	15.2611	79.3599	-53.7339	17.0419	785.764	13.0588	32.303	865.124	-40.6751	0.908268
366	10.7161	60.8184	-41.0339	2.65578	383.004	66.3314	13.3719	443.822	25.2976	0.862967
367	8.18898	52.9534	-35.7331	-0.137975	373.121	42.1425	8.05101	426.074	6.40937	0.875718
368	7.13288	11.6626	-7.88873	16.0996	669.459	-3.42525	23.2325	681.121	-11.314	0.982877
369	0	0	0	31.3831	818.07	-19.992	31.3831	818.07	-19.992	1
370	0	0	0	27.6167	679.272	-16.0408	27.6167	679.272	-16.0408	1
371	0	0	0	18.8167	507.887	-11.178	18.8167	507.887	-11.178	1
372	0	0	0	16.226	515.631	-2.67539	16.226	515.631	-2.67539	1
373	0	0	0	24.1914	608.656	28.9657	24.1914	608.656	28.9657	1
374	0	0	0	29.6285	641.105	56.3189	29.6285	641.105	56.3189	1
375	0	0	0	28.4141	583.32	72.265	28.4141	583.32	72.265	1
376	0	0	0	26.1627	520.778	86.2088	26.1627	520.778	86.2088	1
377	0.499396	566.929	-16.322	74.345	858.754	192.719	74.8444	1425.68	176.397	0.397654
378	10.6469	575.361	-33.1928	-9.67697	401.829	-42.0706	0.969951	977.19	-75.2633	0.588791
379	-12.2256	504.596	15.371	-10.2086	96.534	-69.3485	-22.4342	601.13	-53.9775	0.839412
380	-20.1392	649.342	20.4483	-16.4128	92.1542	-64.1818	-36.552	741.496	-43.7335	0.875719
381	10.6321	857.594	-42.6685	-18.7659	98.033	-67.0195	-8.13387	955.627	-109.688	0.897415
382	-17.7994	821.922	6.5477	-15.8353	82.1868	-55.6782	-33.6348	904.109	-49.1305	0.909096
383	-3.99885	411.827	64.3953	-11.208	61.0758	-41.214	-15.2068	472.903	23.1813	0.870849
384	0.644592	353.182	46.7955	-8.25484	54.1338	-36.5238	-7.61024	407.316	10.2717	0.867096
385	-13.8193	640.639	-0.0714408	-7.51143	17.5284	-11.8584	-21.3308	658.167	-11.9299	0.973368
386	-31.2995	819.083	-19.695	0	0	0	-31.2995	819.083	-19.695	1
387	-28.3648	700.251	-16.7915	0	0	0	-28.3648	700.251	-16.7915	1
388	-19.444	516.806	-11.3869	0	0	0	-19.444	516.806	-11.3869	1
389	-16.0028	507.784	-4.42442	0	0	0	-16.0028	507.784	-4.42442	1
390	-23.2832	600.94	25.6859	0	0	0	-23.2832	600.94	25.6859	1
391	-29.6094	643.562	54.6388	0	0	0	-29.6094	643.562	54.6388	1
392	-28.6797	591.067	71.314	0	0	0	-28.6797	591.067	71.314	1
393	-26.2084	523.492	84.4957	0	0	0	-26.2084	523.492	84.4957	1
394	-80.4637	810.974	281.367	11.5178	560.01	-43.5578	-68.9459	1370.98	237.809	0.408473
395	18.8222	476.159	-33.2639	-18.5786	606.338	-37.3987	0.243598	1082.5	-70.6626	0.560129
396	8.84853	98.2785	-70.8216	14.195	492.35	13.8673	23.0435	590.629	-56.9543	0.833604
397	15.9789	92.4543	-64.5398	20.104	641.354	19.1023	36.0829	733.808	-45.4375	0.874008
398	19.2696	98.394	-67.3422	-22.5326	838.428	-53.609	-3.26302	936.822	-120.951	0.89497
399	16.2417	84.2137	-57.0827	18.6234	852.257	0.701936	34.8652	936.471	-56.3808	0.910073
400	11.5488	61.8198	-41.7232	4.73668	438.109	61.7508	16.2855	499.929	20.0275	0.876343
401	8.27451	55.7097	-37.5828	-0.920238	339.331	50.6015	7.35427	395.041	13.0187	0.858977
402	7.72703	23.0257	-15.5755	11.955	615.507	3.1134	19.682	638.532	-12.4621	0.96394
403	0	0	0	30.8997	816.028	-19.0808	30.8997	816.028	-19.0808	1
404	0	0	0	28.9341	716.877	-17.4159	28.9341	716.877	-17.4159	1
405	0	0	0	20.122	527.223	-11.6535	20.122	527.223	-11.6535	1
406	0	0	0	16.087	503.442	-5.89436	16.087	503.442	-5.89436	1
407	0	0	0	22.4336	593.786	22.3856	22.4336	593.786	22.3856	1
408	0	0	0	29.5024	643.672	52.6275	29.5024	643.672	52.6275	1
409	0	0	0	28.8379	597.639	70.044	28.8379	597.639	70.044	1
410	0	0	0	26.3334	527.737	82.9184	26.3334	527.737	82.9184	1
411	-30.4262	497.193	-157.954	54.7119	733.966	405.674	24.2858	1231.16	247.72	0.403841
412	29.1387	629.681	-39.0771	-30.7487	544.571	-25.6962	-1.61007	1174.25	-64.7733	0.53624
413	-16.3223	479.335	11.7204	-7.77382	100.814	-72.8725	-24.0961	580.149	-61.1522	0.826228
414	-19.7964	631.549	18.0182	-15.6388	92.8222	-64.9571	-35.4353	724.372	-46.9389	0.871858
415	18.2005	739.553	-5.70136	-19.2433	97.9651	-67.1337	-1.04285	837.519	-72.835	0.883029
416	-19.2602	879.461	-4.58352	-16.6589	85.5748	-58.042	-35.9191	965.036	-62.6255	0.911325
417	-6.36627	474.366	58.162	-12.0399	62.5125	-42.2003	-18.4062	536.879	15.9618	0.883563
418	1.05466	327.084	54.6495	-8.43007	56.4401	-38.0718	-7.37542	383.524	16.5777	0.852838
419	-9.87092	584.315	7.08912	-7.96792	27.9477	-18.8993	-17.8388	612.263	-11.8102	0.954354
420	-30.109	810.292	-18.367	0	0	0	-30.109	810.292	-18.367	1
421	-29.5307	736.321	-18.1762	0	0	0	-29.5307	736.321	-18.1762	1
422	-20.8929	539.931	-12.0414	0	0	0	-20.8929	539.931	-12.0414	1
423	-16.2077	497.226	-7.19824	0	0	0	-16.2077	497.226	-7.19824	1
424	-21.4758	584.649	19.0601	0	0	0	-21.4758	584.649	19.0601	1
425	-29.396	643.924	50.7245	0	0	0	-29.396	643.924	50.7245	1
426	-29.0573	605.058	68.9281	0	0	0	-29.0573	605.058	68.9281	1
427	-26.4601	531.778	81.4481	0	0	0	-26.4601	531.778	81.4481	1
428	-5.09891	728.734	371.624	51.072	191.32	-220.917	45.973	920.054	150.707	0.207944
429	44.5061	604.584	-18.9939	-42.3402	644.45	-38.5795	2.16587	1249.03	-57.5734	0.515959
430	7.05142	104.113	-75.4738	17.831	467.291	8.75475	24.8824	571.404	-66.719	0.817795
431	15.2568	93.1798	-65.3714	19.3414	619.856	17.2363	34.5982	713.036	-48.1351	0.86932
432	18.8468	96.9914	-66.5549	-16.7369	724.942	-21.2178	2.10987	821.933	-87.7727	0.881996
433	16.797	86.1903	-58.4976	19.9612	900.366	-9.16999	36.7582	986.556	-67.6675	0.912635
434	12.3835	63.4767	-42.8614	8.01442	506.982	54.2188	20.3979	570.459	11.3574	0.888727
435	8.52083	57.547	-38.8161	-1.03952	319.81	57.9002	7.48132	377.357	19.0842	0.8475
436	8.07109	32.6001	-22.039	8.22007	557.975	10.7463	16.2912	590.575	-11.2928	0.944799
437	0	0	0	29.2821	801.485	-17.3623	29.2821	801.485	-17.3623	1
438	0	0	0	29.9672	750.803	-18.7183	29.9672	750.803	-18.7183	1
439	0	0	0	21.6466	553.195	-12.4945	21.6466	553.195	-12.4945	1
440	0	0	0	16.5297	494.439	-8.25017	16.5297	494.439	-8.25017	1
441	0	0	0	20.6344	576.708	15.8141	20.6344	576.708	15.8141	1
442	0	0	0	29.189	641.908	48.4257	29.189	641.908	48.4257	1
443	0	0	0	29.1875	610.825	67.3944	29.1875	610.825	67.3944	1
444	0	0	0	26.6433	537.031	80.055	26.6433	537.031	80.055	1
445	0	0	0	26.7291	514.793	101.024	26.7291	514.793	101.024	1
446	57.8109	641.896	-35.1263	-59.2212	657.327	-12.7693	-1.41036	1299.22	-47.8957	0.494061
447	-17.4676	457.417	5.11094	-7.26979	108.773	-79.0626	-24.7374	566.19	-73.9516	0.807885
448	-18.3108	606.166	16.7844	-14.9789	93.4772	-65.756	-33.2897	699.644	-48.9716	0.866393
449	-16.4661	670.95	32.5106	-18.2828	95.7669	-65.8123	-34.7489	766.717	-33.3017	0.875095
450	-20.5896	914.655	-12.7444	-16.7419	86.4651	-58.7284	-37.3315	1001.12	-71.4728	0.913632
451	-9.26957	548.775	48.9025	-12.8311	64.817	-43.7796	-22.1007	613.592	5.12294	0.894365
452	0.861543	316.517	61.0484	-8.7876	58.002	-39.1213	-7.92605	374.519	21.9271	0.845129
453	-6.39771	525.949	15.2363	-8.19806	36.5813	-24.7221	-14.5958	562.53	-9.48579	0.93497
454	-27.9833	788.959	-16.1503	0	0	0	-27.9833	788.959	-16.1503	1
455	-30.4171	767.61	-19.3634	0	0	0	-30.4171	767.61	-19.3634	1
456	-22.5219	569.373	-12.9225	0	0	0	-22.5219	569.373	-12.9225	1
457	-16.7443	490.422	-9.0925	0	0	0	-16.7443	490.422	-9.0925	1
458	-19.7088	566.47	12.5957	0	0	0	-19.7088	566.47	12.5957	1
459	-28.8912	639.658	46.0898	0	0	0	-28.8912	639.658	46.0898	1
460	-29.3393	617.521	66.0973	0	0	0	-29.3393	617.521	66.0973	1
461	-26.8448	542.344	78.8104	0	0	0	-26.8448	542.344	78.8104	1
462	-26.5164	513.396	98.5614	0	0	0	-26.5164	513.396	98.5614	1
463	73.2963	704.266	-5.52046	-67.0298	622.045	-31.8746	6.26655	1326.31	-37.3951	0.469004
464	8.42296	115.503	-84.1427	14.9935	453.394	0.594975	23.4165	568.898	-83.5477	0.79697
465	14.6303	93.6734	-66.0733	16.6213	590.998	16.5824	31.2516	684.672	-49.4909	0.863185
466	18.0508	94.642	-65.1397	17.4383	670.473	30.6373	35.4891	765.115	-34.5025	0.876303
467	16.5015	86.8585	-59.0414	20.8326	922.847	-15.9202	37.3341	1009.71	-74.9616	0.913976
468	13.1625	66.3671	-44.8404	11.2383	583.213	45.7237	24.4009	649.58	0.883297	0.897831
469	8.95046	58.7352	-39.6154	-0.585963	316.523	63.4975	8.3645	375.258	23.8821	0.84348
470	8.21192	40.4132	-27.3036	5.00432	499.731	19.2553	13.2162	540.144	-8.04837	0.925181
471	0	0	0	26.6275	775.027	-14.702	26.6275	775.027	-14.702	1
472	0	0	0	30.7384	779.278	-19.7124	30.7384	779.278	-19.7124	1
473	0	0	0	23.3597	585.01	-13.3311	23.3597	585.01	-13.3311	1
474	0	0	0	17.0027	489.978	-9.66219	17.0027	489.978	-9.66219	1
475	0	0	0	18.9605	558.159	9.56173	18.9605	558.159	9.56173	1
476	0	0	0	28.4129	635.729	43.4741	28.4129	635.729	43.4741	1
477	0	0	0	29.3991	622.216	64.4509	29.3991	622.216	64.4509	1
478	0	0	0	27.0742	548.46	77.5708	27.0742	548.46	77.5708	1
479	0	0	0	26.4108	513.792	96.302	26.4108	513.792	96.302	1
480	50.9064	587.156	-29.0003	-81.4059	748.728	4.75181	-30.4995	1335.88	-24.2485	0.439526
481	-10.6138	456.011	-4.36994	-10.9421	125.531	-91.6086	-21.556	581.542	-95.9786	0.784141
482	-14.5091	574.785	16.559	-14.3167	93.8153	-66.3647	-28.8258	668.6	-49.8056	0.859684
483	-18.2898	669.404	28.8111	-17.8793	93.6306	-64.5538	-36.1691	763.034	-35.7427	0.877292
484	-21.0991	922.478	-18.2479	-16.1595	87.9971	-59.8676	-37.2586	1010.48	-78.1155	0.912915
485	-12.8356	627.178	39.3536	-13.5942	68.541	-46.3268	-26.4298	695.719	-6.97318	0.901482
486	0.146138	322.8	65.4412	-9.31708	59.009	-39.8006	-9.17094	381.809	25.6406	0.845449
487	-3.5112	468.663	24.0948	-8.26107	43.4765	-29.3642	-11.7723	512.139	-5.26945	0.915108
488	-24.7286	756.738	-12.9115	0	0	0	-24.7286	756.738	-12.9115	1
489	-31.0409	792.671	-20.1382	0	0	0	-31.0409	792.671	-20.1382	1
490	-24.3043	603.964	-13.7982	0	0	0	-24.3043	603.964	-13.7982	1
491	-17.1566	489.248	-10.0837	0	0	0	-17.1566	489.248	-10.0837	1
492	-18.1527	547.518	6.62632	0	0	0	-18.1527	547.518	6.62632	1
493	-27.7154	631.497	40.9157	0	0	0	-27.7154	631.497	40.9157	1
494	-29.5293	627.933	63.0575	0	0	0	-29.5293	627.933	63.0575	1
495	-27.3346	554.902	76.513	0	0	0	-27.3346	554.902	76.513	1
496	-26.2389	513.368	94.0292	0	0	0	-26.2389	513.368	94.0292	1
497	76.1839	791.431	20.9479	-49.1764	568.894	-23.9949	27.0074	1360.32	-3.04704	0.418205
498	15.3481	136.479	-85.2032	5.91118	467.745	-9.95669	21.2593	604.224	-95.1599	0.774125
499	13.8463	93.9365	-66.6445	12.8424	558.745	16.6332	26.6887	652.682	-50.0113	0.856076
500	17.622	92.8485	-64.1282	19.0341	667.371	27.0169	36.6561	760.219	-37.1113	0.877866
501	16.0057	89.6087	-61.0174	19.6111	918.291	-21.0892	35.6169	1007.9	-82.1066	0.911094
502	13.9178	70.804	-47.8745	13.9868	666.661	33.2316	27.9047	737.465	-14.6428	0.90399
503	9.55893	59.5954	-40.1977	0.382466	330.345	66.8141	9.94139	389.941	26.6164	0.847168
504	8.22055	46.5444	-31.4283	2.4125	444.057	28.3202	10.633	490.601	-3.10807	0.905128
505	0	0	0	22.8982	738.782	-10.9966	22.8982	738.782	-10.9966	1
506	0	0	0	31.2471	801.072	-20.2292	31.2471	801.072	-20.2292	1
507	0	0	0	25.1505	621.216	-14.2602	25.1505	621.216	-14.2602	1
508	0	0	0	17.4518	491.881	-10.4327	17.4518	491.881	-10.4327	1
509	0	0	0	17.5626	539.609	3.96579	17.5626	539.609	3.96579	1
510	0	0	0	26.8734	626.483	38.166	26.8734	626.483	38.166	1
511	0	0	0	29.5631	631.499	61.3272	29.5631	631.499	61.3272	1
512	0	0	0	27.5918	561.656	75.3735	27.5918	561.656	75.3735	1
513	0	0	0	26.1829	514.831	91.9645	26.1829	514.831	91.9645	1
514	42.6358	552.354	-19.8169	-48.4895	831.313	45.8633	-5.85379	1383.67	26.0464	0.399196
515	-2.9968	486.575	-15.7431	-6.21724	179.323	-82.0348	-9.21404	665.898	-97.7779	0.730705
516	-11.5943	543.409	16.7146	-13.2983	94.1769	-67.0205	-24.8925	637.585	-50.306	0.852291
517	-19.5657	664.601	25.2725	-17.4104	92.2988	-63.8724	-36.9761	756.899	-38.5999	0.878057
518	-17.1818	906.914	-24.4372	-16.3028	92.2961	-62.9067	-33.4845	999.21	-87.3439	0.907631
519	-15.1318	709.799	26.2849	-14.3819	73.7179	-49.8671	-29.5138	783.517	-23.5821	0.905914
520	-1.10852	346.128	67.3095	-9.99334	59.7335	-40.2935	-11.1019	405.861	27.016	0.852823
521	-1.30126	415.923	33.2995	-8.23807	48.7542	-32.9121	-9.53933	464.677	0.38748	0.89508
522	-20.5017	715.697	-8.63309	0	0	0	-20.5017	715.697	-8.63309	1
523	-31.3761	810.306	-20.3846	0	0	0	-31.3761	810.306	-20.3846	1
524	-26.0764	641.947	-14.8397	0	0	0	-26.0764	641.947	-14.8397	1
525	-17.798	494.973	-10.7131	0	0	0	-17.798	494.973	-10.7131	1
526	-16.9303	529.562	1.46641	0	0	0	-16.9303	529.562	1.46641	1
527	-25.9216	620.931	35.2959	0	0	0	-25.9216	620.931	35.2959	1
528	-29.6533	636.125	59.8484	0	0	0	-29.6533	636.125	59.8484	1
529	-27.8891	568.96	74.4313	0	0	0	-27.8891	568.96	74.4313	1
530	-26.0993	515.603	89.9013	0	0	0	-26.0993	515.603	89.9013	1
531	8.78146	861.344	82.0161	-32.052	547.572	-17.1632	-23.2706	1408.92	64.8529	0.388648
532	0.0153743	248.413	-68.9186	-0.305042	513.019	-22.0994	-0.289667	761.432	-91.0181	0.673756
533	12.4607	94.5714	-67.5086	10.9812	529.589	16.6259	23.4419	624.16	-50.8827	0.848482
534	17.0852	92.0233	-63.8091	19.9562	660.698	23.5719	37.0414	752.721	-40.2373	0.877746
535	16.9008	94.7506	-64.6405	11.4136	894.974	-29.4443	28.3144	989.725	-94.0848	0.904266
536	14.7716	76.447	-51.7361	16.1452	747.887	19.7427	30.9168	824.334	-31.9934	0.907262
537	10.3097	60.3982	-40.7455	1.80069	361.287	67.2992	12.1104	421.685	26.5537	0.856769
538	8.18891	51.1518	-34.5237	0.526634	394.491	37.5537	8.71554	445.643	3.03005	0.885218
539	3.56947	5.27554	-3.56947	18.3025	694.341	-6.24667	21.872	699.616	-9.81614	0.992459
540	0	0	0	31.4374	814.815	-20.2087	31.4374	814.815	-20.2087	1
541	0	0	0	26.85	659.819	-15.3941	26.85	659.819	-15.3941	1
542	0	0	0	18.272	500.798	-10.9597	18.272	500.798	-10.9597	1
543	0	0	0	16.5459	522.892	-0.712548	16.5459	522.892	-0.712548	1
544	0	0	0	25.0374	615.172	32.1847	25.0374	615.172	32.1847	1
545	0	0	0	29.6395	638.546	58.0419	29.6395	638.546	58.0419	1
546	0	0	0	28.1484	575.998	73.3078	28.1484	575.998	73.3078	1
547	0	0	0	26.1307	518.198	88.0206	26.1307	518.198	88.0206	1
548	18.0019	554.923	-14.4342	38.449	873.386	131.692	56.4509	1428.31	117.258	0.388517
549	4.74363	543.047	-27.916	-3.37326	324.373	-52.892	1.37036	867.42	-80.808	0.626048
550	-11.1167	516.774	16.2427	-11.4545	95.3371	-68.2723	-22.5712	612.111	-52.0295	0.844249
551	-20.1071	655.733	21.9567	-16.7889	91.9878	-63.9227	-36.896	747.721	-41.9659	0.876976
552	-3.1397	872.407	-36.9159	-17.9106	96.8488	-66.1394	-21.0503	969.256	-103.055	0.900079
553	-17.0012	787.156	12.8968	-15.3252	79.5147	-53.8396	-32.3264	866.67	-40.9428	0.908253
554	-2.92142	385.977	66.1942	-10.7871	60.5456	-40.85	-13.7086	446.523	25.3441	0.864407
555	0.180092	371.329	42.4933	-8.22601	52.6319	-35.5159	-8.04592	423.961	6.97745	0.875857
556	-15.9359	667.188	-3.22568	-7.18596	11.6455	-7.87687	-23.1218	678.834	-11.1025	0.982845
557	-31.3423	818.862	-20.0758	0	0	0	-31.3423	818.862	-20.0758	1
558	-27.6718	681.063	-16.1005	0	0	0	-27.6718	681.063	-16.1005	1
559	-18.8177	507.787	-11.1709	0	0	0	-18.8177	507.787	-11.1709	1
560	-16.1589	514.242	-2.70631	0	0	0	-16.1589	514.242	-2.70631	1
561	-24.1549	608.214	28.9696	0	0	0	-24.1549	608.214	28.9696	1
562	-29.6595	641.853	56.4468	0	0	0	-29.6595	641.853	56.4468	1
563	-28.4428	583.729	72.383	0	0	0	-28.4428	583.729	72.383	1
564	-26.1363	520.253	86.1849	0	0	0	-26.1363	520.253	86.1849	1
565	-74.2398	858.448	192.785	-0.615991	567.51	-16.3917	-74.8558	1425.96	176.393	0.397985
566	9.55729	401.575	-42.0783	-10.6221	576.013	-33.422	-1.06479	977.588	-75.5004	0.589219
567	10.1622	96.4957	-69.319	12.2641	504.736	15.3524	22.4263	601.232	-53.9666	0.839503
568	16.3723	92.1529	-64.179	20.1893	649.323	20.4402	36.5616	741.476	-43.7388	0.875717
569	18.7481	98.0577	-67.0351	-9.75159	861.105	-45.1117	8.99655	959.162	-112.147	0.897767
570	15.7684	82.0753	-55.6017	17.8607	820.83	6.65275	33.6291	902.905	-48.949	0.909099
571	11.1306	61.2759	-41.3487	3.61729	408.688	64.4912	14.7479	469.964	23.1425	0.869616
572	8.21442	54.4621	-36.7456	-0.617798	354.606	46.4915	7.59663	409.068	9.74587	0.866863
573	7.46322	17.5683	-11.8857	13.9829	643.09	-0.301877	21.4461	660.658	-12.1876	0.973408
574	0	0	0	31.3525	818.554	-19.6231	31.3525	818.554	-19.6231	1
575	0	0	0	28.3115	698.396	-16.7228	28.3115	698.396	-16.7228	1
576	0	0	0	19.4347	516.703	-11.3934	19.4347	516.703	-11.3934	1
577	0	0	0	16.0674	509.156	-4.3971	16.0674	509.156	-4.3971	1
578	0	0	0	23.326	601.52	25.6913	23.326	601.52	25.6913	1
579	0	0	0	29.5826	642.866	54.5198	29.5826	642.866	54.5198	1
580	0	0	0	28.647	590.574	71.1865	28.647	590.574	71.1865	1
581	0	0	0	26.2301	523.958	84.5085	26.2301	523.958	84.5085	1
582	-11.6998	559.459	-43.5507	80.4906	811.314	281.287	68.7908	1370.77	237.736	0.408134
583	18.6139	605.629	-37.1485	-18.9264	476.357	-33.2716	-0.312572	1081.99	-70.4201	0.559739
584	-14.15	492.178	13.8924	-8.90257	98.3219	-70.8547	-23.0525	590.5	-56.9623	0.833494
585	-20.0443	641.35	19.1104	-16.019	92.4561	-64.5431	-36.0633	733.806	-45.4327	0.874005
586	27.0888	837.288	-51.8534	-19.3284	98.3792	-67.3334	7.76038	935.667	-119.187	0.894857
587	-18.5478	853.003	0.663765	-16.3051	84.2729	-57.1239	-34.8529	937.275	-56.4601	0.910087
588	-5.15179	441.39	61.7219	-11.6287	61.7197	-41.6561	-16.7805	503.11	20.0658	0.877324
589	0.932194	338.32	50.8697	-8.3207	55.3926	-37.3686	-7.38851	393.713	13.5011	0.859307
590	-11.793	612.91	3.37248	-7.77079	22.9623	-15.5322	-19.5638	635.872	-12.1598	0.963888
591	-30.8254	816.275	-19.1375	0	0	0	-30.8254	816.275	-19.1375	1
592	-28.9844	718.766	-17.4931	0	0	0	-28.9844	718.766	-17.4931	1
593	-20.1393	527.534	-11.649	0	0	0	-20.1393	527.534	-11.649	1
594	-16.0257	502.109	-5.91752	0	0	0	-16.0257	502.109	-5.91752	1
595	-22.385	593.071	22.3719	0	0	0	-22.385	593.071	22.3719	1
596	-29.5244	644.301	52.7365	0	0	0	-29.5244	644.301	52.7365	1
597	-28.8746	598.209	70.1795	0	0	0	-28.8746	598.209	70.1795	1
598	-26.3166	527.339	82.9179	0	0	0	-26.3166	527.339	82.9179	1
599	-54.7537	733.58	405.777	30.1326	497.772	-157.74	-24.6211	1231.35	248.037	0.404248
600	30.6838	544.407	-25.6748	-29.0635	630.452	-39.3511	1.62033	1174.86	-65.0258	0.536619
601	7.71068	100.767	-72.8368	16.3752	479.545	11.6861	24.0858	580.312	-61.1508	0.826357
602	15.6003	92.8203	-64.9538	19.8605	631.576	18.0121	35.4608	724.396	-46.9417	0.871865
603	19.2071	97.9867	-67.1471	-18.1964	739.455	-5.71677	1.01068	837.442	-72.8639	0.882993
604	16.6106	85.561	-58.0316	19.3278	879.105	-4.61815	35.9383	964.666	-62.6497	0.911305
605	11.9681	62.526	-42.2089	6.14011	470.998	58.1731	18.1083	533.524	15.9643	0.882806
606	8.37542	56.7275	-38.2658	-1.05661	327.638	54.4276	7.31881	384.365	16.1619	0.852413
607	7.92797	28.0357	-18.9592	10.0295	587.02	6.80409	17.9574	615.056	-12.1551	0.954418
608	0	0	0	30.2002	810.341	-18.329	30.2002	810.341	-18.329	1
609	0	0	0	29.4848	734.428	-18.0914	29.4848	734.428	-18.0914	1
610	0	0	0	20.868	539.412	-12.0427	20.868	539.412	-12.0427	1
611	0	0	0	16.2646	498.497	-7.17958	16.2646	498.497	-7.17958	1
612	0	0	0	21.5295	585.493	19.0808	21.5295	585.493	19.0808	1
613	0	0	0	29.3794	643.375	50.6264	29.3794	643.375	50.6264	1
614	0	0	0	29.0136	604.417	68.7863	29.0136	604.417	68.7863	1
615	0	0	0	26.4716	532.101	81.4355	26.4716	532.101	81.4355	1
616	-51.5912	190.97	-220.517	5.04483	729.084	371.533	-46.5464	920.054	151.017	0.207564
617	42.5073	643.598	-38.2734	-44.5189	604.735	-19.0297	-2.01156	1248.33	-57.3031	0.515566
618	-17.7699	467.039	8.80161	-7.12343	104.162	-75.5113	-24.8933	571.201	-66.7097	0.817643
619	-19.2832	619.81	17.2391	-15.2936	93.1819	-65.375	-34.5768	712.992	-48.1358	0.869309
620	16.7561	725.039	-21.2104	-18.8839	96.9721	-66.5431	-2.12783	822.012	-87.7535	0.882031
621	-19.9457	900.306	-9.06387	-16.818	86.1851	-58.4953	-36.7637	986.491	-67.5591	0.912635
622	-7.68709	510.334	53.7392	-12.4395	63.5173	-42.8894	-20.1266	573.851	10.8498	0.889314
623	1.02653	319.748	58.0656	-8.58583	57.3024	-38.6509	-7.55931	377.05	19.4146	0.848024
624	-8.06772	555.202	11.0542	-8.10807	32.486	-21.9615	-16.1758	587.688	-10.9073	0.944722
625	-29.175	801.131	-17.3782	0	0	0	-29.175	801.131	-17.3782	1
626	-30.0072	752.668	-18.8097	0	0	0	-30.0072	752.668	-18.8097	1
627	-21.6787	553.92	-12.4976	0	0	0	-21.6787	553.92	-12.4976	1
628	-16.478	493.251	-8.26421	0	0	0	-16.478	493.251	-8.26421	1
629	-20.5761	575.745	15.7876	0	0	0	-20.5761	575.745	15.7876	1
630	-29.1998	642.363	48.5121	0	0	0	-29.1998	642.363	48.5121	1
631	-29.2272	611.525	67.5407	0	0	0	-29.2272	611.525	67.5407	1
632	-26.6371	536.791	80.0813	0	0	0	-26.6371	536.791	80.0813	1
633	-26.6822	514.133	100.967	0	0	0	-26.6822	514.133	100.967	1
634	59.2468	657.17	-12.7222	-57.4185	643.04	-35.4208	1.82835	1300.21	-48.143	0.494566
635	7.19148	108.721	-79.023	17.5352	457.713	5.0478	24.7266	566.434	-73.9752	0.808061
636	14.943	93.4735	-65.7512	18.3493	606.227	16.7833	33.2923	699.701	-48.9679	0.866409
637	18.2472	95.7841	-65.8225	16.4788	670.863	32.5064	34.726	766.647	-33.3161	0.875061
638	16.7524	86.4477	-58.7154	20.4947	915.129	-12.9116	37.2471	1001.58	-71.627	0.913688
639	12.7822	64.7396	-43.7266	10.4086	543.888	50.9104	23.1907	608.628	7.18378	0.89363
640	8.71249	58.2032	-39.2571	-0.880067	316.058	60.9478	7.83243	374.261	21.6907	0.844485
641	8.16308	36.7235	-24.8186	6.54047	528.745	14.9091	14.7035	565.468	-9.90949	0.935057
642	0	0	0	28.1046	789.62	-16.1597	28.1046	789.62	-16.1597	1
643	0	0	0	30.3846	765.805	-19.267	30.3846	765.805	-19.267	1
644	0	0	0	22.4834	568.45	-12.9137	22.4834	568.45	-12.9137	1
645	0	0	0	16.79	491.507	-9.08307	16.79	491.507	-9.08307	1
646	0	0	0	19.771	567.543	12.6266	19.771	567.543	12.6266	1
647	0	0	0	28.8866	639.309	46.0156	28.8866	639.309	46.0156	1
648	0	0	0	29.2985	616.774	65.9483	29.2985	616.774	65.9483	1
649	0	0	0	26.8455	542.497	78.77	26.8455	542.497	78.77	1
650	0	0	0	26.5619	514.066	98.6188	26.5619	514.066	98.6188	1
651	66.6011	621.038	-31.6143	-73.2798	704.44	-5.57547	-6.67868	1325.48	-37.1897	0.468539
652	-14.9242	453.052	0.678038	-8.50222	115.561	-84.1859	-23.4265	568.612	-83.5079	0.796767
653	-16.6202	590.929	16.5849	-14.6662	93.6801	-66.0802	-31.2864	684.609	-49.4953	0.863163
654	-17.4246	670.557	30.6409	-18.0862	94.6275	-65.1313	-35.5108	765.184	-34.4904	0.876334
655	-21.0836	922	-15.7101	-16.4725	86.9379	-59.0967	-37.5561	1008.94	-74.8068	0.913832
656	-11.3431	589.07	43.6524	-13.2174	66.4819	-44.9187	-24.5605	655.552	-1.26631	0.898586
657	0.567931	317.517	63.5291	-9.0325	58.5613	-39.4981	-8.46457	376.078	24.0311	0.844284
658	-4.87475	496.96	19.5978	-8.24586	40.2408	-27.1868	-13.1206	537.201	-7.58899	0.925092
659	-26.4939	774.059	-14.6645	0	0	0	-26.4939	774.059	-14